0
1
701
100020
100132
100284
102810
378330
486685
729786
970276
981261
1023636
1025927
1061974
1193046
1193047
1193078
3278038
7845956
8451236
8784523
8945610
8945612
8945621
9521653
11189182
25505960
28455958
29887076
31210690
31499930
32129458
32704708
33821234
36124927
36751860
36759190
36766590
36968098
42919233
43822180
50825038
50825073
52857725
77991010
85079126
97426088
98947598
98964034
100000000
101010101
105949050
111000111
111111111
111111737
117396110
117752708
122014391
122292919
123412112
123430471
123456788
123456789
128411876
130948642
131422310
133016122
135417635
168965206
169641104
181895272
199154580
199260926
200000001
200000002
200904744
203679041
203721811
203862994
203900944
205203530
205517000
205548000
205559000
205594810
205670000
205700000
205710000
205717000
206594874
207829990
207829991
209032000
209047000
209073000
209251000
209292000
209355000
209394000
209456000
209486000
209550000
209605000
209733000
209786000
209890000
209979000
210056000
210073000
210104000
210156000
210161000
210242000
210279000
210280000
210435000
210638000
210655000
210763000
210764000
210857000
210979000
210998000
211262460
211262480
211262630
211311970
211327410
211331640
211335760
211345000
211367460
211465320
211473700
211629690
211664910
211693000
211801000
212032000
212084000
212105000
212151000
212169000
212175000
212280000
212301000
212347000
212348000
212350000
212351000
212353000
212522000
212659110
212669000
212714000
212871000
212954000
212968000
212970000
215030000
215172000
215190000
215193000
215308000
215381000
215464000
215482000
215571000
215572000
215606000
215618000
215654000
215724000
215752000
215958000
218029000
218059000
218060000
218061000
218069000
218070000
218071000
218072000
218073000
218074000
218075000
218119795
218284000
218400000
218582000
218614000
218643000
218694000
218818000
218820000
218821000
218826000
218829000
218844000
218846000
219011000
219027000
219031000
219033000
219155000
219289000
219290000
219398000
219488000
219594000
219602000
219617000
219844000
219882000
220061000
220129000
220164000
220187000
220199000
220206000
220221000
220245000
220263000
220301000
220379000
220396000
220397000
220402000
220413000
220414000
220415000
220416000
220560000
220561000
220565000
220580000
220593000
220594000
220595000
220596000
220597000
220598000
220638000
222222222
224007670
224288430
224791635
226286000
226333000
227029020
227129060
227205840
227260920
227346250
227405170
227504120
227523460
227588590
227695640
227799970
228079700
228251700
228313800
228329800
228332900
228337900
228338600
228339600
228342900
228348900
228353600
228354600
228651000
228763000
229006000
229059000
229070000
229079000
229081000
229159000
229208000
229213000
229218000
229258000
229316000
229317000
229446000
229452000
229469000
229529000
229534000
229548000
229565000
229569000
229597000
229603000
229622000
229628000
229640000
229641000
229652000
229666000
229667000
229671000
229697000
229698000
229710000
229711000
229719000
229726000
229728000
229738000
229740000
229760000
229771000
229792000
229794000
229820930
229871000
229902000
229909000
229934000
229947000
229952000
229969000
229986000
229988000
229989000
229993000
232004359
232006508
232006511
232006727
232007891
232010128
232011692
232012087
232055000
232094000
232217000
232240000
232248000
232445000
232448000
232449000
232487556
232605822
232630062
232664000
232759542
232763990
232807602
232872000
232916182
232971000
232975754
233097902
233209335
233411712
233456000
233542562
233549132
234728120
235001453
235007140
235007790
235008050
235009240
235009400
235009420
235009850
235010450
235010710
235011050
235012080
235016000
235018555
235023181
235031631
235037018
235040169
235050734
235056074
235058391
235058697
235059376
235060143
235060249
235060303
235061904
235062848
235065043
235066555
235067192
235067987
235068051
235068085
235068882
235069238
235070185
235070619
235070707
235072174
235072407
235073571
235074967
235075024
235075311
235076172
235076235
235076283
235076681
235076895
235076997
235077448
235078078
235079608
235080187
235080906
235080999
235081957
235082776
235082802
235082896
235084182
235084298
235086166
235088041
235090622
235090767
235091397
235093018
235093327
235093618
235093619
235093789
235094713
235095894
235095936
235096793
235098885
235099968
235100828
235101557
235102349
235102458
235102465
235102466
235102677
235102678
235103766
235104788
235105195
235105196
235105197
235107168
235108538
235108582
235109337
235110509
235111726
235113472
235114033
235114239
235115000
235116731
235117234
235335000
235414000
235479000
235554000
235603000
235623000
235733000
235752604
235753071
235764000
235849000
236000990
236111804
236111837
236111883
236111885
236111886
236111941
236111947
236112152
236341336
236361000
236607000
236689000
236690000
237125555
237928000
238005000
238009000
238293000
238295000
238296000
238301000
238967000
239762000
239847000
239850000
239876000
239998000
240031000
240048000
240056000
240058000
240061000
240067000
240092000
240097000
240124000
240125000
240125336
240126000
240127000
240165000
240272000
240275000
240284000
240420000
240444000
240475000
240499000
240511000
240512000
240513000
240546000
240556000
240561000
240575000
240584000
240592000
240593000
240594000
240645000
240657000
240678000
240680000
240681000
240735000
240824000
240825000
240826000
240837000
240878000
240894000
240959000
240982000
240991000
240995000
241015000
241050000
241078000
241079000
241080000
241089000
241132000
241147000
241202000
241238000
241251000
241264000
241277000
241281000
241305000
241311000
241312000
241313000
241314000
241315000
241330000
241380000
241396000
241445000
241459000
241465000
241490000
241528000
244010061
244010083
244010089
244010104
244010140
244010145
244010179
244010205
244078000
244128000
244370000
244620447
244630214
244690000
244693000
244730638
244778000
244790607
244841000
244958000
244958007
244999000
245033000
245206000
245394000
245409000
245417000
245723000
245912000
245955000
246028000
246167000
246428000
246442000
246496000
246506000
246519000
246648000
246660000
246662000
246863000
246887000
247009600
247012800
247012900
247077300
247208290
247218600
247230300
247242400
247254200
247255300
247256080
247257900
247276100
247278500
247279600
247284500
247293200
247301100
247312400
247313300
247316900
247324400
247645000
248166000
248171000
248223000
248225000
248264000
248265000
248323000
248349000
248376000
248390000
248435000
248745000
249029000
249048000
249132000
249159000
249169000
249174000
249338000
249347000
249349000
249426000
249434000
249458000
249536000
249605000
249620000
249621000
249687000
249690000
249694000
249726000
249757000
249758000
249778000
249779000
249783000
249806000
249819000
249848000
249876000
249888000
249904000
249909000
249966000
249976000
249980000
249982000
253406000
253436000
255803880
255804740
255805554
255805590
255805613
255805625
255805662
255805668
255805669
255805673
255805688
255805750
255805859
255805864
255805866
255805888
255805889
255805913
255805914
255805929
255805930
255805942
255805943
255805944
255805960
255806039
256050000
256058000
256081000
256116000
256204000
256209000
256213000
256216000
256266000
256289000
256300000
256332000
256396000
256568000
256598000
256603000
256687000
256699000
256702000
256748000
256757000
256804000
256808000
256853000
256871000
256886000
256906000
256916000
256930000
256932000
256937000
256938000
256940000
256971000
257005000
257142000
257310000
257313000
257314000
257321000
257328000
257343000
257366000
257424000
257429000
257448000
257457000
257512000
257532000
257560000
257565000
257613000
257615000
257627000
257661000
257671570
257672000
257681000
257686000
257717000
257758000
257771000
257833000
257841936
257842000
257844000
257872000
258003000
258005000
258007000
258008000
258009000
258011000
258013000
258023000
258028000
258131240
258444000
258611000
258734000
258749000
258758000
258787000
258954000
258964000
258972000
259095000
259262000
259266000
259291000
259706000
259725000
259739000
259790000
259805000
259810000
259833000
259885000
259895000
259951000
259953000
259976000
259982000
262006000
265491000
265525820
265549870
265617860
265884000
266210000
266211000
266259000
266260000
266261000
266282000
266283000
266338000
266339000
269023000
269038000
269055000
269075000
269095000
269101630
269110210
269471000
269927000
269970276
271000620
271000666
271042510
271123444
273340570
273340760
273341570
273349660
273483306
275172557
275189164
282813513
282875940
284911920
287785708
287850230
287883663
288626424
289558260
300000000
301111100
302232424
303031000
303114000
303190000
303200000
303205000
303210000
303233000
303256616
303270000
303272000
303273000
303278000
303279000
303281000
303294000
303316000
303350200
303422000
303454000
303584000
303656000
303668000
303668008
303849000
303852000
303865000
303865936
303866000
303935000
303935003
303935004
303935005
303935006
303935008
303961121
303966000
303981000
304010909
304081008
304127000
304512000
304724000
304789000
304798000
304869000
304904000
305023000
305034000
305048000
305097000
305134000
305159000
305160000
305164000
305240000
305245000
305246000
305346000
305347000
305351000
305369120
305375000
305423000
305458000
305533000
305560000
305589000
305590000
305669000
305682000
305689000
305717000
305730000
305740000
305755000
305757000
305774000
305824000
305853000
305854000
305856000
305859000
305885000
305905000
305905001
305908000
306029000
306109000
306216000
306299928
306303000
306970007
308007000
308015000
308090000
308124000
308126000
308262000
308275000
308287000
308315000
308322000
308369000
308371000
308457000
308483000
308599000
308628000
308653000
308664000
308717000
308808000
308839792
308893000
308894000
308921000
309038000
309042000
309046000
309072000
309075000
309108000
309168000
309193000
309253000
309286000
309368000
309369000
309401000
309416000
309483970
309484000
309509000
309562000
309653000
309656000
309686000
309823000
309841000
309847000
309891000
309901000
309905000
309933000
309955000
309992000
310327000
310344000
310361000
310376000
310381952
310384000
310409000
310427000
310459000
310459010
310500000
310504000
310531000
310556000
310556020
310559000
310567000
310620000
310624000
310625000
310649013
310654000
310676000
310706000
310710000
310764000
310765000
310768000
310852220
311000000
311000011
311000012
311000013
311000014
311000080
311000092
311000102
311000104
311000106
311000111
311000112
311000114
311000136
311000138
311000147
311000158
311000187
311000188
311000193
311000205
311000208
311000235
311000279
311000299
311000301
311000317
311000321
311000333
311000335
311000338
311000408
311000410
311000413
311000414
311000415
311000416
311000421
311000423
311000436
311000437
311000438
311000451
311000455
311000465
311000466
311000467
311000514
311001200
311001700
311002200
311002600
311002800
311002900
311003100
311003200
311003300
311003400
311003900
311004900
311007300
311007997
311008600
311008700
311009200
311011100
311012800
311013600
311015100
311015200
311016600
311017100
311018600
311018700
311022500
311024800
311027100
311027300
311029200
311035400
311035500
311036600
311036700
311037700
311040100
311040600
311040700
311040800
311044000
311044300
311044500
311045300
311045400
311046600
311046700
311048300
311050600
311051900
311052700
311054300
311054400
311056800
311056900
311057300
311057301
311057900
311062200
311062300
311062400
311063500
311066300
311066500
311069200
311072300
311075300
311082000
311109000
311110855
311125000
311213000
311256000
311259000
311288000
311291000
311378000
311433000
311447000
311499000
311536000
311538000
311578000
311579000
311583000
311588000
311622000
311641000
311642000
311665000
311682000
311695000
311696000
311697000
311699232
311702000
311705000
311707000
311708000
311728000
311731970
311732000
311772000
311807000
311813000
311821000
311827000
311865000
311918000
311919000
311921000
311943000
311992000
312390994
312391000
312733000
313097264
314010000
314095000
314199000
314410000
316001111
316001870
316002721
316002732
316003222
316003449
316003600
316004280
316005190
316006264
316007273
316007504
316008643
316010143
316011819
316012260
316012746
316013875
316014276
316014331
316014403
316014504
316014637
316014774
316015655
316015863
316016192
316016582
316016927
316017619
316017805
316018088
316018105
316018501
316018559
316018626
316019197
316020006
316020615
316021292
316021354
316021453
316021595
316021597
316021737
316022155
316022832
316023361
316023484
316024114
316024583
316024728
316025803
316026326
316027072
316027212
316027774
316028652
316028733
316028825
316028829
316029157
316029428
316029702
316030353
316030482
316030556
316030557
316030691
316030828
316031029
316031482
316031505
316031795
316032033
316032797
316033139
316033318
316033336
316034686
316035033
316035438
316035678
316035797
316113000
316141000
316147000
316148000
316158000
316160000
316169000
316191000
316192000
316195000
316232000
316259000
316267000
316314000
318861424
319009500
319011300
319013600
319014600
319015800
319016900
319018500
319018800
319019000
319025300
319025600
319025900
319026400
319027100
319028400
319031900
319032000
319032016
319035500
319037600
319038000
319043700
319043900
319047600
319047608
319052100
319052800
319056200
319056500
319056900
319058000
319063100
319063600
319064400
319067300
319067400
319071400
319073100
319073300
319073600
319073900
319074800
319076100
319076500
319077100
319079100
319079300
319079316
319079332
319082700
319086500
319087100
319087494
319089300
319090200
319091100
319091400
319093200
319093800
319094300
319095580
319095800
319098000
319099500
319100700
319102700
319103800
319107100
319112500
319113700
319115500
319116900
319122900
319142000
319149000
319155000
319160000
319174000
319196856
319251000
319264000
319266000
319266003
319305000
319310000
319326992
319327000
319329000
319363000
319379000
319382000
319392000
319409000
319421000
319421001
319459000
319469000
319479000
319492000
319503000
319518000
319530000
319540000
319545000
319570000
319573000
319591000
319630000
319661000
319707000
319713000
319738000
319740000
319808000
319808017
319819000
319824000
319868000
319875000
319885000
319900000
319904000
319910000
319913000
319929000
319960000
319963000
319973000
319989000
320621258
332333421
332404304
333210298
333333333
333421842
333424928
333425528
333480528
333490128
333608166
333942136
335924336
336045000
336552102
336858267
336953740
336956380
336989267
337046110
337659998
337703461
337841266
337972306
338001000
338001622
338002098
338003172
338004467
338004801
338004831
338004941
338009000
338010925
338011102
338011315
338020156
338020915
338021189
338022000
338024000
338025924
338029149
338029196
338029743
338031982
338032837
338032845
338034287
338034336
338035036
338036308
338037004
338037827
338037842
338037843
338037874
338037875
338038904
338039821
338040101
338040561
338041439
338041813
338043017
338043343
338044631
338045235
338045551
338046034
338046482
338047291
338047815
338048151
338048248
338048632
338049016
338049055
338050201
338050903
338050966
338052646
338053023
338053213
338053214
338053313
338053571
338053583
338053854
338054125
338054154
338054167
338054199
338054481
338054842
338056811
338057169
338057904
338058135
338058215
338058759
338060173
338060204
338065595
338065698
338066882
338066905
338067454
338067617
338067800
338068455
338068521
338068648
338068929
338069632
338069654
338069687
338069815
338069858
338069896
338069913
338070255
338070397
338070506
338070511
338070512
338070513
338070514
338070515
338070516
338070527
338070589
338070888
338071811
338072075
338072195
338072819
338073267
338073682
338073697
338075000
338075091
338075821
338076067
338076155
338076187
338076326
338076478
338076841
338077017
338077467
338077538
338078421
338078447
338078811
338080722
338080754
338080883
338083011
338083867
338084175
338084318
338084479
338085832
338086000
338086338
338086494
338086642
338086725
338086845
338086858
338087117
338087136
338087165
338087315
338088498
338088774
338088939
338089000
338089303
338089466
338089659
338089752
338089943
338090147
338090732
338090777
338091016
338091416
338091766
338091974
338091989
338092107
338092145
338092991
338093245
338093353
338093377
338093719
338093761
338093777
338093819
338093828
338094416
338094482
338094651
338094686
338094919
338094925
338094988
338095126
338095145
338095182
338095309
338095499
338095647
338095728
338095972
338096132
338096140
338096249
338096421
338096489
338096529
338096531
338096696
338096778
338096813
338097064
338097138
338097159
338097197
338097257
338097391
338097629
338097775
338097805
338097832
338097886
338098031
338098115
338098132
338098309
338098468
338098628
338098663
338098732
338098735
338098884
338098902
338098994
338098995
338099003
338099718
338099763
338099951
338100000
338100018
338100261
338100365
338100393
338101312
338101319
338101333
338101544
338101578
338101674
338101907
338102076
338102124
338102704
338103263
338103307
338103617
338103694
338103720
338103724
338103997
338104093
338104149
338104306
338104527
338104657
338104997
338105058
338105061
338105185
338105353
338105464
338105566
338105783
338105827
338106071
338106159
338106205
338106478
338106627
338106647
338106978
338107098
338107161
338107334
338107461
338107506
338107648
338107704
338107804
338107818
338107841
338107857
338108106
338108111
338108122
338108138
338108169
338108228
338108231
338108295
338108384
338108409
338108466
338108493
338108504
338108542
338108662
338108761
338108778
338108783
338108787
338108908
338109025
338109244
338109287
338109314
338109425
338109632
338109823
338109824
338109838
338110214
338111376
338112796
338113796
338115062
338115071
338115083
338115139
338115483
338115506
338115545
338115724
338115994
338116176
338116397
338116665
338116865
338116961
338116991
338117356
338117512
338117675
338117698
338117719
338118417
338118674
338118971
338119117
338119263
338119294
338119349
338120363
338120508
338120815
338121169
338121724
338122002
338122322
338122738
338122739
338122792
338122826
338122861
338123079
338123673
338123884
338123935
338123953
338124561
338124562
338124626
338124698
338124712
338124714
338124777
338124966
338124968
338124969
338125067
338125218
338125246
338125272
338125316
338125374
338125375
338125642
338125699
338125869
338125955
338126043
338126204
338126336
338126461
338126661
338126671
338126674
338126875
338126934
338126978
338127042
338127493
338127501
338127505
338127537
338127904
338127967
338127975
338128152
338128163
338128251
338128365
338128371
338128375
338128408
338128418
338128447
338128511
338129072
338129654
338129992
338130122
338130192
338130225
338130502
338130665
338130683
338130934
338130964
338131069
338131199
338131454
338131722
338131747
338131923
338132046
338132203
338132251
338132316
338132401
338132602
338132963
338133113
338133137
338133319
338133381
338133834
338133865
338133985
338134000
338134242
338134328
338134347
338134794
338135092
338135208
338135413
338135429
338135574
338136446
338136515
338137262
338137292
338137302
338137334
338137371
338137691
338137901
338138068
338138147
338138398
338138494
338138515
338138714
338138748
338138764
338138854
338138932
338139123
338139212
338139339
338139534
338139535
338139556
338139572
338139649
338139693
338139723
338139898
338139936
338139953
338140192
338140283
338140284
338140285
338140286
338140807
338140872
338140889
338141047
338141405
338141545
338141859
338141971
338142000
338142024
338142178
338142404
338142409
338142618
338142675
338142701
338142866
338142954
338143169
338143352
338143435
338143515
338143818
338143836
338143881
338143907
338144039
338144392
338144478
338144485
338144488
338144568
338144582
338144592
338145002
338145135
338145156
338145184
338145223
338145354
338145389
338145403
338145408
338145412
338145465
338145512
338145626
338145658
338145681
338145686
338145691
338145693
338145694
338145695
338145697
338145698
338145832
338145861
338145954
338146033
338146083
338146144
338146483
338146506
338146516
338146548
338146598
338146643
338146692
338146700
338146915
338146937
338147126
338147129
338147272
338147601
338147666
338147674
338147702
338148023
338148515
338148641
338148851
338148873
338148897
338148945
338148961
338148979
338149105
338149154
338149303
338149432
338149537
338149541
338149902
338149971
338150932
338150975
338151077
338151388
338151958
338153502
338153576
338153627
338154382
338154885
338154891
338155403
338155515
338155717
338155818
338156073
338156184
338156291
338156318
338156363
338156404
338156579
338156658
338156747
338157367
338157437
338157523
338157774
338157903
338157923
338158376
338158547
338158825
338158859
338158889
338158948
338159105
338159338
338159691
338159769
338159804
338159814
338160088
338160203
338160244
338160457
338160675
338160718
338160768
338160779
338160984
338161246
338161281
338161544
338161555
338161833
338162023
338162198
338162238
338162367
338162381
338162384
338162425
338162651
338162664
338162797
338162845
338162850
338162855
338162896
338162903
338162928
338162976
338163047
338163081
338163091
338163155
338163348
338163349
338163441
338163552
338163783
338163785
338163857
338163893
338163963
338163967
338163969
338164033
338164057
338164148
338164160
338164188
338164194
338164256
338164283
338164305
338164387
338164514
338164602
338164653
338164721
338164851
338165048
338165163
338165366
338165413
338165469
338165478
338165531
338165628
338165722
338165851
338165899
338165928
338165955
338166043
338166104
338166285
338166287
338166293
338166576
338166596
338166658
338166663
338166704
338166766
338166883
338166892
338166955
338167202
338167269
338167294
338167513
338167528
338167544
338167545
338167546
338167874
338167897
338167927
338167955
338167981
338168156
338168287
338168311
338168649
338168665
338168897
338168899
338168948
338168974
338169044
338169188
338169257
338169311
338169328
338169339
338169574
338169652
338169781
338170185
338170261
338170298
338170338
338170547
338170717
338171007
338171283
338171328
338171659
338171946
338171966
338172029
338172203
338172317
338172483
338172517
338172526
338173296
338173305
338173414
338173554
338173793
338174275
338174439
338174777
338174911
338174954
338175058
338175257
338175272
338175289
338175473
338175897
338176058
338176324
338176399
338176899
338177041
338177138
338177158
338177481
338177871
338177978
338178248
338178257
338178896
338178967
338179097
338179205
338179266
338179321
338179477
338179635
338179758
338179782
338179799
338179859
338180096
338180705
338180776
338180966
338180993
338181008
338181011
338181021
338181041
338181104
338181167
338181176
338181286
338181288
338181316
338181327
338181329
338181491
338181504
338181518
338181684
338181707
338181757
338181865
338181878
338181882
338181914
338181984
338182025
338182028
338182078
338182221
338182294
338182463
338182518
338182576
338182598
338182709
338182754
338182756
338182932
338182959
338183066
338183439
338183533
338183558
338183584
338183639
338183699
338183882
338184024
338184111
338184145
338184311
338184342
338184343
338184366
338184371
338184427
338184854
338184922
338184937
338184947
338185323
338185627
338185704
338185756
338185918
338186069
338186088
338186393
338187549
338187752
338187791
338187794
338187796
338187798
338187875
338187917
338188000
338188071
338188436
338188519
338188894
338189243
338189257
338189837
338190021
338190196
338190245
338190251
338190325
338190391
338190774
338190787
338191647
338191651
338191689
338191839
338192001
338192262
338192263
338192277
338192287
338192559
338192587
338192703
338192803
338192922
338193332
338193373
338193444
338193481
338193507
338193646
338193811
338193969
338194074
338194495
338194827
338194845
338194954
338195898
338195917
338195984
338196588
338196891
338197303
338197468
338198711
338198976
338199099
338199216
338199554
338200813
338200916
338201364
338201527
338201659
338201733
338201916
338201951
338202178
338202262
338202329
338202488
338202638
338203172
338203732
338203883
338204008
338204052
338204124
338204288
338204331
338204396
338204523
338204542
338204618
338204619
338204678
338204924
338204948
338205009
338205369
338205375
338205433
338205505
338205557
338205579
338205686
338205777
338205843
338205861
338205971
338206036
338206182
338206199
338206309
338206329
338206368
338206398
338206407
338206512
338206547
338206625
338206657
338206665
338206760
338206764
338206804
338207787
338207907
338207912
338208033
338208076
338208108
338208173
338208221
338208224
338208242
338208362
338208412
338208423
338208542
338208559
338208628
338208638
338208655
338208696
338208708
338208759
338208769
338208803
338208853
338208917
338208937
338208967
338209202
338209212
338209232
338209376
338209465
338209579
338209606
338209628
338209767
338210109
338210113
338210164
338210285
338210348
338210432
338210443
338210467
338210474
338210796
338210805
338210835
338210888
338210902
338210909
338211072
338211152
338211226
338211394
338211576
338211967
338212033
338212055
338212339
338212583
338212678
338212739
338212807
338212878
338213027
338213694
338213723
338213829
338213838
338213981
338214051
338214052
338214054
338214059
338214073
338214091
338214115
338214493
338214659
338214661
338214697
338214736
338214804
338214949
338215066
338215173
338215189
338215214
338215311
338215647
338215875
338216016
338216025
338216049
338216593
338216763
338216917
338217105
338217212
338217319
338217339
338217354
338217587
338217641
338217739
338217942
338218142
338218153
338218167
338218222
338218237
338218424
338218521
338218587
338218615
338218673
338218746
338218833
338218958
338218963
338219073
338219101
338219271
338219272
338219386
338219524
338219566
338219613
338219682
338219736
338219948
338221000
338221954
338223344
338223371
338225128
338225273
338225389
338225409
338225441
338225605
338225666
338225719
338225733
338225922
338225947
338225957
338225977
338226153
338226227
338226427
338226453
338226483
338226684
338226699
338226725
338226823
338226825
338226873
338226904
338226906
338226969
338227109
338227155
338227165
338227246
338227266
338227269
338227318
338227613
338227624
338227743
338227809
338227879
338227949
338228058
338228071
338228076
338228077
338228246
338228351
338228367
338228393
338228516
338228692
338228696
338228704
338228755
338228849
338229164
338229175
338229211
338229292
338229302
338229535
338229581
338229606
338229735
338229905
338230062
338231624
338232392
338232506
338232681
338232742
338233848
338233981
338234268
338234305
338234306
338234307
338234386
338234443
338234677
338236002
338236091
338236389
338236599
338236609
338236738
338236748
338236806
338236807
338236808
338236809
338237143
338237182
338237293
338237573
338237708
338237742
338237772
338238205
338238542
338238576
338239112
338239291
338239419
338239538
338239586
338239864
338240239
338240343
338240395
338240553
338240893
338241094
338241335
338241384
338241434
338241458
338241463
338241471
338241559
338241769
338241992
338242137
338242249
338242254
338242689
338242811
338243026
338243205
338243216
338243461
338243534
338243535
338243809
338243888
338244013
338244164
338244215
338244363
338244486
338246000
338252113
338252148
338252664
338252678
338252838
338252856
338253446
338253517
338254204
338254365
338254678
338254766
338272000
338299000
338300061
338300364
338300436
338300738
338300959
338301045
338301112
338301307
338301392
338301536
338301705
338301774
338301925
338301961
338301978
338302000
338302389
338302463
338302496
338302515
338302566
338302588
338302698
338303055
338303186
338303304
338303474
338303519
338303586
338303696
338303738
338304256
338304369
338304528
338317000
338349261
338358000
338371000
338415000
338417000
338423000
338433000
338443918
338454000
338471000
338500000
338502000
338533000
338535000
338545000
338570000
338581000
338598585
338616000
338657000
338667000
338680000
338680034
338731000
338737000
338752000
338760000
338776000
338789000
338792000
338795000
338805000
338816123
338824000
338824277
338832000
338850000
338860000
338879000
338899000
338921000
338926003
338926004
338926138
338926422
338926540
338926776
338926777
338926778
338926779
338926780
338926811
338927000
338951000
338955000
338962000
338977000
338999000
339194785
339301000
339318000
339318002
339331000
339372992
339373000
339373004
339388000
339406000
339559000
339559002
339646000
339669000
339803000
339873444
340999000
341500000
341598906
341632000
341637000
341774000
341883646
342024016
342116689
342287681
342312870
343961455
345000000
345010072
345016012
345016013
345020031
345026011
345026012
345026013
345030015
345030016
345030017
345030051
345030060
345030108
345030109
345030500
345066014
345080027
345080033
345080100
345080500
345116009
345140007
345186001
345200002
345200010
345200011
345200021
345200101
345881256
345881293
345881297
345881298
345881312
345881322
345900418
345903006
345903102
345903112
345903174
345903231
345903248
345903288
345903304
345903306
345903307
345903334
345903566
345903824
345903873
345904104
345905454
345905589
345905601
345905614
345905797
345905874
345905889
348325910
348705073
349468000
351004000
351005000
351015000
351026000
351031000
351034000
351075000
351124000
351126000
351135000
351137000
351173000
351187000
351199000
351206000
351218000
351223000
351225000
351240000
351257000
351340000
351361000
351373000
351404034
351456000
351462000
351467000
351522000
351552000
351554000
351628000
351678000
351683000
351684000
351687000
351690000
351696000
351733000
351742000
351752000
351757000
351780000
351828000
351831000
351848000
351854000
351893000
351916000
351934000
351952000
351954000
351968000
351991000
352018000
352023000
352027000
352031000
352044000
352058000
352062000
352133000
352135000
352142000
352144000
352158000
352190000
352192000
352196000
352218000
352253000
352261000
352283000
352288000
352355000
352375000
352380000
352407000
352408000
352444000
352448000
352452610
352452611
352466000
352467000
352492000
352496000
352506000
352517000
352538000
352542000
352548000
352586000
352597000
352604000
352608000
352610000
352619000
352620000
352631000
352669000
352684000
352692000
352713000
352718000
352725000
352732000
352740000
352740632
352745000
352776000
352789000
352797000
352798000
352801000
352804000
352808000
352814000
352816000
352823000
352840000
352843000
352866000
352871000
352879000
352911000
352915000
352929000
352935000
352948000
352955000
352960000
352967000
352981000
352987000
353025000
353039000
353051000
353086000
353092000
353093000
353100000
353108000
353109000
353111000
353154000
353155000
353156000
353162000
353183000
353185000
353191000
353210000
353212000
353245000
353248000
353260000
353265000
353274000
353285000
353288000
353295000
353332000
353360000
353368000
353370000
353382000
353408000
353421000
353428000
353491000
353495000
353507000
353512000
353514000
353525000
353544000
353562432
353616000
353619000
353637576
353647000
353690000
353691000
353697880
353698000
353702000
353722000
353729000
353769000
353778000
353788000
353791000
353814000
353848000
353862000
353873000
353873001
353886000
353889000
353892000
353910000
353934000
353958000
353961000
353968000
353978000
353987000
353992000
354014000
354021000
354030000
354047000
354070000
354076000
354077000
354084000
354094000
354101000
354120000
354149000
354157000
354183000
354190000
354196000
354202000
354203000
354212000
354213000
354220192
354227000
354248000
354252000
354255000
354264000
354265000
354277000
354278000
354297000
354314000
354332000
354342000
354362000
354370000
354373000
354396000
354405000
354410000
354415000
354415928
354421000
354433000
354487000
354520000
354527000
354530000
354532000
354591000
354614000
354619000
354628000
354634000
354647000
354662000
354662006
354668000
354706000
354713000
354740000
354762000
354767000
354776000
354778000
354795000
354810352
354826000
354828000
354839000
354840000
354857000
354886000
354891000
354899000
354918000
354942000
354945000
354949000
354971000
354988000
355007268
355016000
355029000
355095000
355109000
355123000
355139000
355142468
355148000
355170000
355177378
355185000
355186000
355195640
355196000
355234000
355254000
355260000
355283000
355284000
355286000
355290634
355294000
355297000
355321000
355322000
355364000
355368000
355395000
355411000
355416000
355432000
355446000
355456000
355465000
355481000
355488000
355511000
355518000
355521000
355530000
355540000
355557000
355558000
355572000
355573000
355575000
355586000
355592000
355596000
355649000
355688000
355705000
355717000
355723000
355745000
355754000
355758097
355768000
355784000
355800000
355813000
355820000
355828000
355856000
355857000
355858000
355861000
355869000
355900000
355914000
355920000
355981000
355997000
355998000
355999000
356005000
356022000
356073000
356075000
356087000
356101000
356124000
356144000
356159000
356181000
356190000
356192000
356198000
356219000
356222000
356251000
356285000
356307000
356343000
356345000
356347000
356352000
356364000
356405000
356407000
356411000
356476000
356509000
356537000
356541000
356548000
356565000
356571000
356577000
356580000
356581000
356586000
356601000
356615000
356628000
356629000
356631000
356651000
356688000
356696000
356697000
356737224
356744000
356768000
356788000
356798000
356822000
356829000
356834000
356872000
356875000
356904000
356909000
356919000
356923000
356924000
356941000
356956000
356957000
357037000
357041000
357051000
357067000
357076000
357077000
357092000
357096000
357104000
357138000
357147000
357170000
357175000
357210000
357211000
357213000
357247000
357249000
357258000
357272000
357289000
357324000
357329000
357330000
357336000
357347000
357353000
357363000
357376000
357388000
357405000
357411000
357412000
357437000
357449000
357478000
357493000
357496000
357538000
357576000
357586000
357616000
357628000
357636000
357668000
357682000
357694000
357728000
357736000
357737000
357742000
357759000
357770000
357777000
357795000
357867000
357874000
357887000
357892000
357900000
357926000
357955000
357957000
357961000
357977000
357983000
359029735
359041917
359090194
359136253
360000000
360516189
362308689
362560834
362990826
363252306
363332060
364819700
364926320
364972654
365039844
365042284
365107258
365107824
365266470
365276872
365526000
365531206
365580033
365581570
365598572
365709164
365903144
365934954
365940490
365985414
366021001
366053000
366053209
366081959
366102000
366107390
366203000
366245070
366284000
366327028
366328490
366341000
366342000
366345000
366364000
366365000
366375000
366384000
366386000
366396000
366413616
366419952
366447000
366479000
366480000
366502488
366503000
366503032
366508000
366546420
366547000
366553360
366554000
366557000
366562000
366563000
366576000
366593274
366608000
366629000
366637150
366638360
366652000
366675760
366678000
366678480
366684720
366685950
366686078
366686750
366692000
366726650
366728390
366734650
366735860
366740660
366746210
366747954
366748520
366749442
366749490
366749640
366750620
366750980
366751770
366753000
366754310
366755010
366755018
366755020
366757740
366757950
366758000
366760270
366760598
366760649
366760650
366760651
366760710
366762020
366764726
366764730
366765690
366768030
366770270
366771860
366773410
366773480
366775370
366778270
366779580
366780110
366781830
366784000
366785290
366785322
366785520
366786230
366787170
366788326
366789370
366791000
366791180
366792000
366793478
366793730
366793760
366796646
366797250
366797290
366799000
366804620
366805460
366806940
366810570
366811470
366813530
366813560
366817510
366823550
366824460
366825380
366827230
366829140
366829990
366830140
366830720
366833080
366833560
366835030
366836850
366837380
366837830
366838150
366840000
366842490
366844270
366846440
366847790
366849310
366849890
366853960
366854996
366855060
366855940
366856116
366857070
366857988
366861130
366861220
366862218
366862220
366862520
366864810
366870020
366870730
366870746
366871020
366872778
366872980
366872983
366873510
366873670
366875820
366875850
366877880
366879450
366879930
366880670
366880970
366881480
366881780
366881788
366882000
366884590
366885268
366886630
366887010
366887570
366887776
366887940
366888390
366888760
366888770
366888784
366888800
366888830
366889830
366891470
366892110
366892120
366892140
366892150
366892160
366892170
366892180
366892350
366893410
366894540
366896410
366897980
366898040
366898250
366898251
366899260
366900170
366902220
366903130
366904000
366904210
366904250
366904470
366906360
366908260
366908460
366910890
366915310
366916250
366916460
366917590
366918850
366919710
366919770
366920330
366920340
366920480
366920597
366924710
366925210
366925650
366926730
366926740
366927926
366927930
366929110
366931310
366932080
366932130
366932980
366933360
366934770
366935230
366937060
366937480
366938510
366940330
366943540
366943940
366943942
366943954
366943960
366943964
366943970
366945000
366945360
366946540
366947140
366947630
366948190
366948820
366949020
366949150
366951730
366952950
366953660
366954000
366955000
366955620
366955790
366956000
366957630
366958230
366959000
366960470
366962000
366963980
366964020
366964650
366966000
366966590
366967000
366969950
366969988
366970016
366970020
366970112
366970120
366970152
366970530
366974570
366974890
366975770
366976880
366977220
366977270
366977380
366977840
366977850
366978214
366978690
366978720
366979332
366979350
366979360
366979370
366979960
366980490
366980840
366981780
366981910
366981940
366982270
366982330
366982336
366982340
366982372
366983530
366983532
366983830
366984000
366984090
366984660
366985330
366986060
366986080
366986552
366987070
366988930
366988960
366988970
366989360
366989380
366990380
366990760
366991166
366991650
366997520
366997560
366998840
366999010
366999600
366999605
366999610
366999636
366999637
366999650
366999652
366999655
366999661
366999663
366999679
366999688
366999689
366999702
366999704
366999709
366999711
366999730
366999770
366999775
366999810
366999840
367000160
367000165
367001000
367001740
367001741
367001770
367001830
367002180
367002190
367002508
367002510
367003000
367003010
367003042
367003140
367003380
367004260
367004269
367004270
367004516
367004930
367005060
367005664
367005927
367006280
367006762
367006770
367006790
367006820
367007090
367007330
367007558
367007830
367007870
367007880
367007920
367008010
367008020
367008509
367008510
367008720
367008810
367008820
367008910
367008990
367009390
367009760
367009776
367009934
367010000
367010460
367011574
367012460
367012470
367012810
367013380
367013968
367014480
367014496
367014962
367015110
367015130
367015450
367015530
367015620
367015810
367016810
367017440
367017448
367018220
367018350
367018470
367019310
367021380
367022090
367023491
367025330
367027000
367027320
367027570
367032120
367032610
367033480
367033986
367033989
367033990
367033994
367033998
367034006
367034320
367034960
367035570
367036058
367036830
367036960
367038000
367039780
367041160
367042420
367042676
367042738
367042740
367042742
367043620
367044250
367044560
367046140
367049470
367050320
367050490
367051790
367052970
367054010
367054633
367055470
367058210
367058903
367058953
367059270
367060944
367061580
367061590
367061990
367062240
367064050
367065430
367065640
367067090
367067110
367067510
367067790
367067808
367067810
367067910
367068930
367069240
367069242
367070216
367070510
367071420
367071960
367075440
367076240
367076360
367076870
367077000
367077090
367077710
367079712
367080890
367080950
367081520
367082140
367084271
367087370
367088691
367089760
367090960
367092520
367093000
367095040
367095048
367098480
367098550
367101530
367101930
367102000
367102740
367102950
367103760
367103820
367103978
367104030
367104040
367104050
367104060
367104070
367104080
367105510
367105860
367105868
367108530
367109510
367110020
367110260
367110810
367114810
367115180
367115520
367116840
367117160
367118290
367119252
367119940
367119980
367122000
367124262
367124304
367125000
367126220
367126416
367127425
367127440
367127449
367129766
367129810
367130150
367131070
367131310
367131320
367132830
367133160
367133910
367134000
367134240
367139040
367139790
367139910
367140430
367141030
367141110
367142010
367142930
367143140
367143280
367145180
367146710
367147610
367150450
367150880
367151530
367152937
367152940
367152949
367153070
367154150
367156870
367156920
367156980
367157167
367158160
367158390
367158550
367159108
367159140
367159157
367159270
367159740
367160250
367161132
367161170
367161690
367162130
367162440
367163340
367163540
367164780
367165320
367165520
367165920
367165970
367165990
367166790
367166830
367167690
367167740
367168000
367168570
367168690
367169120
367169324
367169560
367169590
367169592
367170920
367170930
367171764
367171790
367172460
367172530
367172910
367173860
367174970
367175170
367175530
367175856
367175857
367175860
367175863
367176244
367176270
367176990
367178390
367179270
367180720
367184090
367184650
367185130
367185440
367185880
367186270
367187420
367188740
367188828
367189380
367189840
367189872
367189890
367190020
367190480
367191170
367191420
367192940
367192970
367192986
367193030
367193150
367196000
367197000
367198110
367199000
367211000
367214000
367218000
367218254
367219000
367241000
367248000
367255000
367265000
367269000
367276000
367278000
367279000
367282000
367283000
367299000
367299020
367300250
367300280
367300281
367302530
367302540
367303760
367304990
367307010
367308610
367308960
367309230
367309280
367309330
367309440
367309970
367310950
367311210
367311590
367312440
367312460
367313290
367314190
367314820
367315630
367316110
367316540
367316541
367316860
367317160
367317370
367318640
367319730
367320570
367320770
367320870
367321320
367321470
367322470
367323610
367326010
367326240
367326680
367327550
367328510
367329210
367329330
367329550
367329566
367330900
367330940
367331060
367331720
367331980
367332060
367332320
367332560
367337510
367338120
367338850
367340760
367342840
367343160
367343210
367344280
367344710
367344740
367345050
367345120
367346510
367347000
367347272
367348080
367348550
367348670
367349430
367351190
367351340
367352750
367353070
367353080
367353110
367356240
367356790
367357920
367358790
367360430
367360480
367360890
367361840
367362110
367362830
367363390
367363654
367363686
367363698
367364590
367364622
367365050
367365440
367365820
367366210
367366670
367367086
367367370
367367880
367367896
367368180
367368280
367368410
367369720
367369721
367369864
367370200
367370228
367370230
367371350
367371520
367372240
367372860
367373160
367373650
367373820
367373960
367373961
367373968
367373969
367373970
367374650
367374740
367375550
367375650
367377450
367377920
367378260
367378380
367378390
367378410
367378420
367378430
367379040
367379120
367380360
367380450
367380880
367380940
367381010
367381060
367381750
367382490
367382770
367384264
367384340
367384780
367384840
367385920
367388410
367390670
367390830
367390940
367391830
367392090
367392170
367392390
367392550
367392650
367393171
367393270
367393271
367394470
367394750
367394780
367395280
367395330
367396310
367396330
367396336
367396640
367397250
367397440
367398110
367399570
367399740
367402860
367403110
367403610
367404670
367404740
367405260
367405970
367406170
367406620
367408680
367408710
367408930
367408950
367409000
367409360
367412510
367412770
367412850
367413430
367413730
367413840
367414180
367415652
367415880
367415886
367415896
367415912
367416420
367416610
367416790
367416870
367417780
367419250
367420040
367420520
367421350
367421390
367421980
367421990
367422040
367422072
367422640
367422648
367422790
367423390
367423550
367424072
367424230
367424810
367425020
367427060
367427130
367427340
367427670
367427702
367427840
367428880
367429180
367430020
367430052
367430340
367430660
367431230
367431320
367431620
367431860
367431880
367432010
367432580
367433010
367433840
367434980
367435090
367435520
367435730
367435980
367437288
367437680
367438000
367438520
367438750
367438760
367438854
367439010
367439240
367439850
367440440
367440530
367440890
367441108
367441140
367441370
367441720
367441740
367443340
367444340
367444490
367444620
367445650
367447112
367448040
367448470
367449170
367449820
367451190
367451560
367451670
367451720
367452020
367452248
367452280
367452560
367452660
367452920
367453620
367454040
367454060
367454560
367454760
367454880
367454970
367455160
367455530
367455580
367455770
367456710
367457000
367457870
367457920
367458350
367458440
367458540
367458730
367459770
367460670
367461026
367461920
367461940
367462550
367463160
367463170
367463260
367464150
367464650
367465210
367466020
367466056
367466170
367466250
367466310
367466550
367466736
367467060
367467080
367467098
367467120
367467124
367467410
367467480
367467650
367468040
367468470
367468890
367470040
367470450
367470460
367471072
367471080
367472050
367472104
367472710
367472720
367472750
367473280
367474160
367474310
367474540
367475210
367476350
367476540
367476990
367477570
367478310
367479126
367480310
367480960
367481150
367482150
367482370
367482760
367483850
367484740
367485000
367485680
367486370
367486740
367487190
367487710
367487744
367488220
367488290
367488370
367488450
367488482
367489404
367489490
367491290
367492920
367493020
367494710
367495080
367495180
367495510
367496370
367497650
367498160
367498520
367498530
367498610
367499330
367499390
367500250
367500380
367500510
367501390
367501490
367502820
367502840
367503970
367503980
367504720
367505470
367505960
367506190
367506698
367506730
367506920
367507580
367507630
367507790
367507950
367507960
367508060
367508140
367508210
367508220
367508680
367508810
367508990
367509370
367509980
367510010
367510180
367511260
367512140
367512370
367513180
367514690
367514740
367514750
367514780
367515670
367515810
367516290
367516440
367516720
367516790
367516880
367517320
367518210
367518370
367518570
367518750
367519690
367520160
367520510
367521210
367521970
367522010
367523230
367523340
367523490
367523820
367524290
367525120
367525160
367525390
367525630
367525730
367526120
367526750
367526890
367527250
367527370
367529240
367529320
367529450
367529840
367529940
367530680
367530940
367531160
367531190
367531850
367532260
367532340
367533290
367533310
367533910
367534910
367535180
367535340
367535590
367535750
367535950
367535958
367536450
367536490
367536560
367537010
367537288
367537480
367537560
367537630
367538550
367538710
367540430
367541170
367541470
367542040
367542610
367543000
367543580
367543980
367544030
367544420
367544810
367545060
367545190
367545230
367545390
367546050
367546250
367546320
367547310
367547980
367548450
367549080
367549120
367550710
367551980
367552610
367553140
367553460
367554450
367554820
367555580
367556520
367557310
367557610
367558120
367558260
367558840
367559080
367559385
367559470
367559940
367561760
367562030
367562350
367562880
367562920
367563270
367563450
367563480
367563590
367563920
367564050
367564140
367565250
367565270
367565420
367565560
367565750
367565850
367566630
367566750
367566840
367567017
367567020
367567180
367567410
367568350
367568380
367568420
367568660
367568850
367568920
367569824
367569830
367569870
367569970
367569990
367570092
367570320
367570590
367571170
367571180
367571490
367573030
367573460
367573720
367574410
367574860
367574980
367575650
367575750
367576030
367576110
367576240
367576680
367578330
367578550
367578740
367578770
367578980
367579000
367580440
367580810
367580930
367581220
367581410
367582867
367583000
367583110
367583210
367583390
367584290
367584430
367584926
367585320
367585330
367585410
367585570
367585960
367586170
367586220
367586360
367586560
367586620
367586740
367587370
367587480
367587620
367587660
367587740
367587860
367588190
367588420
367589030
367590180
367590330
367591570
367591890
367591900
367591910
367591930
367592080
367592170
367592240
367592390
367592790
367593050
367593080
367593450
367593526
367593530
367594150
367594860
367595210
367595670
367595690
367595790
367596770
367596950
367597460
367597620
367597890
367598040
367598210
367598950
367599140
367599190
367599350
367599860
367599910
367599940
367599960
367600260
367600830
367601490
367601598
367601680
367602090
367602170
367602640
367603110
367603280
367603370
367603380
367603490
367603570
367603940
367604030
367604060
367604310
367604370
367604430
367604980
367605180
367606330
367606790
367607230
367607340
367607530
367607540
367607590
367607810
367607860
367607920
367607990
367608530
367608970
367609310
367609390
367609840
367610580
367610890
367611520
367611610
367611650
367611710
367612060
367612820
367612830
367613020
367613320
367613390
367613510
367613730
367613950
367614470
367614840
367614920
367614970
367615030
367615210
367615590
367615660
367616090
367616190
367616390
367616530
367616660
367616930
367616990
367617580
367617630
367617870
367618150
367619530
367619820
367619860
367619950
367620450
367621000
367621040
367621070
367621160
367621660
367621680
367621990
367622390
367622510
367622530
367622630
367622830
367623380
367623630
367623980
367624120
367624420
367624550
367624650
367624960
367624990
367625310
367625790
367625810
367626648
367626680
367626734
367626920
367626970
367627130
367627850
367627980
367628030
367628420
367629230
367629440
367629444
367629456
367629457
367630220
367630710
367631360
367632070
367632210
367632310
367632370
367632820
367632960
367632980
367632990
367633000
367633140
367633420
367633520
367633730
367634210
367634480
367634740
367634890
367635340
367635350
367635520
367636480
367637040
367637930
367638060
367639740
367639790
367639830
367640090
367640240
367640460
367640490
367640640
367640780
367641230
367641740
367641760
367641850
367642040
367642570
367642960
367642968
367643410
367643540
367643920
367644020
367644720
367645020
367645480
367646260
367646262
367646340
367646350
367646460
367646520
367646760
367646810
367646990
367647190
367647246
367647270
367647490
367647680
367647850
367647910
367647990
367648030
367648130
367648260
367648320
367648350
367648550
367648650
367649070
367649650
367650040
367650150
367650310
367650326
367650760
367650840
367650990
367651322
367651520
367651820
367651970
367652040
367652590
367652650
367652730
367652930
367652960
367652990
367653590
367653670
367654170
367654630
367655460
367656250
367656290
367656580
367657060
367657140
367657220
367657270
367657530
367657830
367658250
367658390
367658740
367659210
367659240
367659480
367659730
367659820
367660280
367660570
367660690
367661090
367661450
367661470
367661760
367661790
367661840
367661930
367662240
367662360
367662380
367662610
367663080
367663110
367663880
367663970
367664060
367664390
367664680
367664787
367664990
367665030
367665160
367665270
367665271
367666020
367666030
367666210
367666540
367666970
367667110
367667540
367667630
367667640
367667860
367668370
367668880
367669090
367669180
367669230
367669626
367670070
367670740
367670940
367671020
367671230
367671670
367672090
367672140
367672172
367672630
367672760
367673050
367673090
367674950
367675360
367675440
367675860
367675940
367676070
367676340
367676540
367676990
367677120
367677130
367677170
367677446
367677530
367677560
367677806
367677810
367677870
367678270
367678358
367678360
367678390
367678850
367679050
367679080
367679110
367679240
367680950
367681050
367681560
367681690
367681720
367681780
367682340
367682540
367683224
367683230
367683380
367683410
367683460
367683730
367683830
367684770
367685180
367685220
367685240
367685310
367685390
367685780
367685890
367685910
367686140
367686370
367686876
367687430
367687630
367688000
367688090
367688130
367688380
367688640
367688780
367689020
367689350
367689860
367689940
367690060
367690210
367690640
367691110
367691450
367691620
367691630
367691660
367691680
367692110
367692510
367692620
367693360
367693630
367693690
367693960
367694580
367694610
367695090
367695270
367695490
367695547
367695640
367695770
367696280
367696520
367696590
367696860
367697310
367697580
367698060
367698750
367698760
367698890
367698922
367698940
367698970
367699460
367699530
367699790
367699820
367700160
367700890
367700910
367701080
367701140
367701430
367701570
367701860
367701930
367702770
367702780
367702980
367703140
367703180
367703260
367703840
367703956
367704000
367704150
367704789
367705050
367705180
367705430
367705440
367705530
367705620
367706250
367706630
367706910
367707050
367707370
367707530
367707820
367708010
367708120
367708350
367708620
367708730
367709320
367709530
367709560
367710220
367710340
367710810
367710980
367711090
367711190
367711350
367711570
367711670
367711690
367712050
367712380
367713030
367713390
367714120
367714180
367714440
367714660
367714680
367715510
367716040
367716480
367716530
367716580
367716810
367718010
367718030
367718190
367718380
367718920
367719640
367719810
367719826
367720030
367720430
367721190
367721260
367721460
367721570
367721740
367721980
367722050
367722290
367722480
367724040
367724560
367724610
367724740
367724772
367725340
367725380
367725390
367725396
367725540
367726390
367726870
367727180
367727960
367728350
367728490
367728520
367728630
367728830
367729880
367730310
367730880
367731220
367731930
367732430
367732440
367732480
367732590
367733090
367733480
367733760
367733880
367733910
367734050
367734110
367734220
367734240
367734980
367735564
367736850
367736940
367737680
367737730
367737750
367738110
367738330
367738510
367739150
367739740
367740010
367740030
367740750
367740790
367740870
367741730
367742790
367742810
367743080
367743230
367743410
367743510
367745350
367745430
367745520
367746020
367747370
367748420
367748660
367749130
367749230
367749760
367749850
367749950
367750410
367750880
367751360
367751540
367751760
367752020
367752180
367752940
367753560
367753570
367753860
367753876
367753890
367754570
367754620
367754810
367754950
367755380
367755430
367755630
367755870
367756110
367756250
367756440
367756920
367757478
367757570
367757630
367757740
367758120
367758870
367759170
367759550
367759580
367759810
367759830
367760198
367760260
367760290
367760910
367761070
367761230
367761250
367761360
367761760
367761970
367762010
367762220
367762860
367763030
367763560
367763620
367763630
367763920
367764150
367764320
367764770
367765170
367765580
367765860
367766000
367766120
367766470
367766670
367766860
367767270
367767350
367768350
367768480
367768790
367769230
367769340
367769680
367769740
367770000
367770020
367770240
367770580
367770910
367770980
367770990
367771010
367771240
367771290
367771580
367772620
367772780
367772890
367772980
367773160
367774010
367774820
367774880
367775270
367776050
367776470
367776690
367776750
367776790
367777520
367777590
367777620
367777630
367777640
367778000
367778930
367779220
367779970
367780040
367780120
367780360
367780460
367781670
367783570
367784310
367785220
367785510
367785590
367785770
367785860
367786210
367786750
367787740
367787820
367788130
367788262
367788340
367788850
367789430
367789850
367790640
367790860
367791640
367792070
367792630
367792640
367793170
367793430
367793670
367793970
367795110
367795540
367795790
367796420
367796430
367796460
367796470
367796510
367796960
367797670
367798360
367798530
367798540
367798960
367799060
367799180
367799350
367799570
367799710
367799880
367800100
367803586
367806000
367816000
367816001
367831000
367840000
367845000
367848000
367851000
367864000
367867000
367879000
367884000
367909000
367910000
367911000
367947018
367948000
367977000
367978000
367989610
367999350
367999970
368000001
368000760
368000890
368001460
368001510
368001530
368001540
368001740
368002020
368002090
368002720
368002980
368003000
368003150
368003170
368003550
368003570
368003740
368004410
368004630
368004780
368004870
368005970
368006040
368006050
368006130
368006150
368006740
368007630
368008160
368008770
368009120
368009330
368009520
368009610
368009770
368010030
368010110
368010120
368010280
368010560
368012070
368012240
368012330
368012810
368013040
368014440
368014960
368015490
368015770
368026000
368063000
368074000
368117000
368127000
368163582
368164000
368188000
368215891
368253512
368305000
368346000
368347000
368359526
368359566
368370000
368378000
368400000
368430000
368437000
368437016
368445000
368453000
368455234
368461000
368465044
368470000
368473000
368478000
368574000
368584000
368596000
368680000
368681132
368684000
368685000
368686000
368700000
368709000
368717000
368724696
368728000
368771000
368779000
368784000
368785000
368798000
368836000
368849000
368850000
368856000
368876000
368882000
368891393
368897000
368912000
368916000
368926007
368926014
368926053
368926087
368926095
368926133
368926134
368926135
368926257
368926266
368948000
368949664
368952276
368959000
368996000
369000311
369020000
369040000
369061084
369067336
369070986
369077000
369077016
369081000
369125000
369140000
369142000
369169000
369190000
369197000
369225000
369228000
369246135
369247000
369248056
369272000
369286000
369296000
369326000
369462000
369463000
369464000
369468000
369469000
369493436
369493447
369493497
369493506
369493507
369493508
369493509
369493510
369493511
369493643
369493695
369493770
369494140
369494150
369494151
369494158
369494159
369494164
369494169
369494171
369494173
369494174
369494180
369494189
369494193
369494194
369494208
369494214
369494228
369494284
369494287
369494288
369494499
369499000
369500004
369527000
369540000
369566000
369567000
369580000
369703000
369713000
369725000
369780716
369820168
369839690
369867000
369875000
369888001
369890000
369894000
369898192
369939000
369968715
369970056
369970110
369970119
369970147
369970164
369970165
369970179
369970183
369970190
369970192
369970200
369970211
369970212
369970213
369970221
369970228
369970266
369970270
369970275
369970276
369970277
369970278
369970279
369970280
369970281
369970282
369970283
369970284
369970289
369970304
369970328
369970332
369970333
369970337
369970408
369970452
369970494
369970567
369970573
369970637
369970638
369970662
369970670
369970671
369970672
369970678
369970679
369970689
369970692
369970693
369970739
369970744
369970745
369970746
369970747
369970754
369970762
369970763
369970764
369970777
369970786
369970787
369970838
369970850
369970885
369970910
369970955
369970970
369970982
369970999
369974373
369974842
369974859
369980000
369982564
369989000
370011000
370030000
370084000
370088000
370097000
370098000
370117000
370130000
370150000
370153000
370157000
370188000
370212000
370261000
370270000
370289000
370299000
370305000
370361000
370372000
370407000
370413000
370458000
370475000
370477000
370485000
370488000
370500000
370508000
370537000
370549000
370552000
370560000
370573000
370587000
370617000
370633000
370637000
370644000
370661000
370677000
370681000
370697000
370731000
370737000
370738000
370777000
370787308
370840000
370852000
370854000
370869000
370879000
370885000
370892000
370894000
370897000
370904000
370930000
370953000
370956000
370959000
370993000
371046000
371052000
371056000
371060000
371062000
371073000
371104000
371111000
371129000
371133000
371140000
371144000
371153000
371163000
371185000
371207000
371209000
371243000
371263000
371274000
371281000
371314000
371318000
371318384
371323000
371332000
371349000
371361000
371371000
371377000
371384000
371394000
371410000
371416000
371426000
371427000
371437000
371443000
371449000
371463000
371487000
371499000
371544000
371545000
371553000
371559000
371563000
371572000
371582000
371592000
371602000
371604000
371608000
371618000
371623000
371624119
371628000
371633000
371641000
371646000
371648000
371649000
371651000
371656000
371697000
371706000
371707000
371710000
371752000
371777000
371782000
371798000
371799000
371820000
371823000
371824000
371836000
371841000
371851000
371859000
371862000
371885000
371911000
371926000
371932000
371961000
371964000
371965000
371969000
371979000
371982361
371987000
371997000
372007000
372008000
372014000
372025000
372031000
372038000
372049000
372052000
372056000
372076000
372083000
372089000
372097000
372101000
372104000
372111000
372117000
372134000
372140000
372148000
372172000
372176000
372186000
372192000
372204000
372220000
372221000
372241000
372251000
372260000
372269000
372283000
372296000
372308000
372309000
372319000
372321000
372336000
372340000
372341000
372345000
372346000
372348000
372361000
372367000
372371000
372373000
372399000
372400000
372401000
372445000
372448000
372491000
372510000
372515000
372516000
372548000
372557000
372561000
372608000
372609000
372610000
372613000
372635000
372652000
372655000
372665000
372688000
372695000
372712000
372724000
372727000
372729000
372736000
372740000
372747000
372774000
372780000
372805000
372827000
372829000
372855000
372856000
372857000
372865000
372884000
372894000
372901000
372905000
372919000
372945000
372954000
372955000
372973000
372983000
372989000
372995000
372997000
373004000
373005000
373025000
373035000
373043000
373051000
373057000
373068000
373069000
373082000
373091000
373096000
373107000
373108000
373120000
373134000
373162000
373180000
373228000
373230000
373233000
373247000
373260000
373277000
373310000
373341000
373355000
373398000
373404000
373412000
373457000
373470000
373485000
373500000
373506000
373507000
373529000
373540000
373563000
373580000
373599000
373721000
373727000
373744000
373759000
373781000
373810000
373816000
373817000
373879000
373885000
373900000
373949000
374006000
374038000
374077000
374100000
374125000
374128000
374165000
374170000
374171000
374196000
374221000
374241000
374242000
374267000
374275000
374288000
374335000
374353000
374361000
374400000
374512000
374517000
374547000
374581000
374590000
374617000
374628000
374700000
374710000
374762000
374792000
374799000
374809000
374883000
375003000
375009000
375428000
375429000
375438000
376162280
376404000
376494000
376522000
376553000
376712380
376829000
376841787
376895000
377092000
377097000
377108000
377151000
377474000
377587513
377729000
378001272
378102000
378111473
378111612
378111827
378111833
378111953
378112714
378112839
378116048
378308417
378316000
378451236
378451237
378729045
379578192
379863452
379867526
379867527
379867542
379867543
379867546
379878208
379878209
379970281
380059437
380209927
380762342
382933000
383778956
384097162
384511096
384740262
388126795
388161873
389970281
391920844
392481454
399306000
399601000
399970281
399989190
403513001
405000189
412000866
412163000
412567765
413013000
413018000
413053000
413089000
413119000
413141000
413144000
413159000
413161000
413165000
413167000
413171000
413172000
413173000
413478240
413733000
413790184
416465000
416466000
416467000
416467970
416468000
416475000
416481000
416482000
416490000
416491000
416495000
416497000
416509000
417222330
419000103
419000958
419001244
419099500
419746000
425893507
431000933
431006879
431008382
431127000
431165000
431174000
431178000
431190000
431205000
431221000
431223000
431224000
431263000
431265000
431296000
431305000
431312000
431314000
431315000
431332000
431349000
431496000
431554000
431999517
431999521
431999529
431999535
431999542
431999547
431999664
431999689
431999693
432433000
432440000
432545000
432624000
432629000
432651000
432664000
432666000
432669000
432716000
432722000
432729000
432734000
432772000
432783000
432790000
432803000
432810000
432817000
432824000
432876000
432926000
432930000
432938000
432959000
432976000
434426440
440062000
440086000
440114000
440160000
440202000
440269000
440331000
440371000
441628000
441698000
441722000
441857000
441932000
441947000
441992000
444105965
448705073
457233000
469186610
469970276
469970281
470070281
473445596
476671976
477001300
477003800
477004100
477007300
477014500
477014600
477014700
477014800
477020100
477020400
477023400
477023600
477027500
477044300
477046800
477048000
477049800
477050200
477050700
477056400
477056402
477058200
477058400
477065200
477066700
477067800
477067900
477070400
477071300
477071400
477071800
477076500
477078200
477090000
477100300
477102200
477105200
477105400
477107200
477107400
477108100
477108200
477108800
477110300
477110400
477110500
477110600
477110700
477114300
477117400
477117900
477127900
477133300
477133500
477133700
477133800
477133900
477135600
477136800
477136900
477137800
477141400
477141500
477141600
477143900
477144900
477148300
477158700
477161000
477163800
477167200
477170300
477170700
477173600
477173800
477177400
477178300
477181100
477181200
477182400
477185100
477185800
477185900
477189300
477192900
477195600
477195800
477195900
477196200
477196700
477198000
477207400
477211400
477213500
477214800
477214900
477218500
477220400
477220500
477220600
477220800
477222600
477229100
477241100
477242400
477242800
477250500
477252600
477257100
477257900
477264900
477271300
477271600
477276600
477280800
477280900
477282400
477282800
477287000
477293600
477293900
477298690
477300100
477300500
477305200
477305400
477311500
477314100
477315000
477316000
477323000
477334200
477346500
477347100
477351100
477351400
477351600
477351700
477353800
477379000
477390300
477390400
477397800
477398000
477399300
477399500
477407100
477407900
477423400
477427500
477427600
477434800
477440700
477441100
477441400
477441800
477443000
477444400
477444500
477444700
477450000
477454900
477462400
477462500
477463200
477463900
477466700
477473000
477477400
477477800
477478500
477478600
477478700
477486300
477493300
477510700
477518600
477519400
477519700
477519900
477520900
477522000
477534400
477534800
477542400
477547100
477547300
477547309
477548200
477554000
477560400
477581600
477585800
477587000
477592800
477593600
477593700
477593800
477593900
477598300
477607600
477607700
477612900
477614500
477617400
477633300
477636500
477637600
477638400
477638900
477639900
477652100
477652700
477655200
477655800
477655900
477657600
477661400
477669400
477669500
477680100
477684100
477684600
477685200
477685300
477690600
477692200
477692900
477698500
477698600
477698700
477699100
477699600
477700124
477707000
477712500
477719000
477728800
477733300
477738200
477738500
477738600
477742500
477742600
477744100
477744600
477746600
477748600
477748800
477752800
477764100
477764600
477768100
477768200
477770700
477776100
477786500
477786900
477789000
477790500
477791100
477794000
477795300
477807000
477813200
477814400
477815200
477818000
477826400
477826700
477829700
477830800
477831200
477831600
477845200
477848700
477851700
477852800
477854200
477854400
477854500
477855600
477857000
477858300
477866200
477869000
477878000
477883200
477883900
477897700
477898100
477898400
477899100
477903500
477904300
477904700
477905000
477913200
477914300
477914600
477914700
477915900
477926800
477932600
477942900
477944000
477947100
477948600
477950300
477959200
477959500
477961600
477967100
477968700
477969700
477973000
477973002
477974000
477978700
477981000
477982600
477990200
477990800
477999900
501558920
502481824
503012230
503029520
503035100
503087800
503307900
503326700
503641900
503704700
503706800
503767400
512000153
512003651
512004213
512004753
512004813
512006219
512172000
516282713
518100063
518107000
518124000
518213000
518444090
518582000
518653000
518745000
533040000
533052100
533110031
533913000
533955000
533992000
534776550
535080770
537546530
537972698
538001400
538001560
538001582
538001656
538001657
538001663
538001664
538001826
538001835
538001906
538001908
538001921
538001922
538002013
538002071
538002087
538002089
538002090
538002113
538002117
538002127
538002247
538002269
538002271
538002274
538002275
538002276
538002277
538002278
538002279
538002281
538002282
538002284
538002285
538002295
538002459
538002476
538002510
538002528
538002570
538002621
538002622
538002659
538002662
538002663
538002665
538002667
538002668
538002693
538002775
538002778
538002793
538002864
538002946
538002947
538002980
538002992
538002999
538003008
538003015
538003016
538003025
538003031
538003032
538003046
538003053
538003057
538003103
538003109
538003141
538003201
538003238
538003334
538003369
538003422
538003431
538003439
538003477
538003490
538003521
538003526
538003549
538003550
538003576
538003578
538003648
538003673
538003688
538003689
538003691
538003692
538003712
538003729
538003742
538003788
538003810
538003817
538003818
538003824
538003831
538003845
538003852
538003858
538003862
538003886
538003898
538003913
538003929
538003937
538003947
538003971
538003974
538003981
538003993
538004002
538004006
538004007
538004017
538004028
538004029
538004031
538004032
538004034
538004071
538004086
538004096
538004105
538004117
538004127
538004142
538004150
538004159
538004167
538004168
538004169
538004170
538004171
538004172
538004202
538004203
538004214
538004215
538004255
538004267
538004293
538004310
538004313
538004316
538004318
538004319
538004326
538004329
538004332
538004339
538004341
538004345
538004375
538004376
538004378
538004380
538004388
538004417
538004423
538004435
538004441
538004480
538004486
538004493
538004494
538004509
538004535
538004536
538004539
538004560
538004575
538004577
538004593
538004594
538004601
538004619
538004632
538004634
538004641
538004651
538004655
538004669
538004682
538004689
538004694
538004697
538004706
538004709
538004729
538004732
538004759
538004793
538004833
538004853
538004886
538004913
538004926
538004927
538004942
538004967
538004968
538005018
538005020
538005026
538005033
538005045
538005057
538005063
538005068
538005075
538005077
538005089
538005094
538005100
538005102
538005105
538005113
538005115
538005118
538005120
538005127
538005145
538005152
538005163
538005169
538005171
538005172
538005174
538005177
538005187
538005188
538005189
538005191
538005194
538005202
538005208
538005209
538005225
538005230
538005232
538005236
538005237
538005238
538005244
538005245
538005246
538005249
538005252
538005254
538005256
538005300
538005301
538005303
538005319
538005320
538005321
538005322
538005365
538005407
538005411
538005412
538005413
538005414
538005415
538005417
538005418
538005419
538005423
538005426
538005430
538005442
538005443
538005452
538005462
538005464
538005476
538005479
538005480
538005487
538005495
538005536
538005562
538005564
538005567
538005598
538005604
538005608
538005609
538005662
538005692
538005708
538005725
538005726
538005733
538005746
538005762
538005771
538005772
538005777
538005778
538005779
538005780
538005782
538005794
538005795
538005796
538005804
538005807
538005808
538005816
538005817
538005837
538005856
538005865
538005866
538005868
538005869
538005873
538005879
538005888
538005893
538005902
538005911
538005923
538005938
538005939
538005948
538005956
538005964
538005968
538005971
538005979
538005982
538005988
538005991
538005992
538005999
538006006
538006010
538006021
538006031
538006034
538006053
538006057
538006065
538006068
538006070
538006091
538006096
538006102
538006132
538006157
538006160
538006167
538006168
538006177
538006179
538006180
538006185
538006187
538006196
538006200
538006208
538006226
538006227
538006237
538006278
538006289
538006297
538006301
538006302
538006307
538006308
538006311
538006319
538006339
538006372
538006373
538006374
538006375
538006376
538006395
538006400
538006425
538006456
538006462
538006474
538006486
538006488
538006489
538006490
538006494
538006502
538006503
538006504
538006505
538006506
538006507
538006535
538006542
538006545
538006546
538006575
538006593
538006597
538006630
538006644
538006702
538006708
538006709
538006712
538006720
538006743
538006745
538006748
538006761
538006763
538006773
538006789
538006805
538006806
538006810
538006819
538006820
538006842
538006844
538006850
538006859
538006867
538006870
538006886
538006890
538006896
538006946
538006947
538006958
538007001
538007022
538007063
538007093
538007106
538007115
538007126
538007127
538007153
538007194
538007259
538007269
538007277
538007278
538007362
538007392
538007442
538007511
538007512
538007560
538007571
538007586
538007675
538009078
538014196
538070070
538070427
538070463
538070502
538070504
538070517
538070533
538070539
538070563
538070638
538070642
538070708
538070754
538070788
538070793
538070818
538070819
538070831
538070838
538070840
538070845
538070861
538070885
538070886
538070907
538070908
538070924
538070946
538070979
538070980
538070995
538070998
538071002
538071031
538071037
538071065
538071076
538071201
538080077
538090091
538090151
538090156
538090175
538090188
538090208
538090209
538090231
538090232
538090253
538090301
538090308
538090313
538090316
538090363
538090382
538090383
538090414
538397534
538790751
540011200
548115500
548116500
548134500
548149000
548822000
548892000
548899000
548907000
548916000
548928000
548944000
548949000
548950000
548951000
548952000
558546171
559042308
563000400
563000500
563000600
563000700
563000800
563000808
563000900
563001200
563004900
563008600
563016500
563019200
563019800
563020300
563028400
563029700
563033000
563033800
563034800
563036200
563061000
563077000
563079000
563105000
563108000
563111000
563119000
563143000
563164000
563170000
563172000
563186000
563220000
563230000
563234000
563247000
563251000
563255000
563262000
563270000
563313000
563317000
563324000
563329000
563357000
563358000
563367000
563394000
563411000
563417000
563445000
563447000
563450000
563539000
563569000
563573000
563579000
563584000
563610000
563621000
563622000
563626000
563637000
563722000
563735000
563754000
563758000
563788000
563831000
563857000
563858000
563868000
563876000
563889000
563896000
563982000
563991000
564015000
564081000
564086000
564100000
564126000
564151000
564194000
564203000
564217000
564230000
564240000
564245000
564254000
564259000
564268000
564359000
564362000
564372000
564384000
564397000
564409000
564411000
564431000
564438000
564442000
564452000
564491000
564512000
564548000
564614000
564648000
564693000
564708000
564724000
564753000
564756000
564761000
564794000
564798000
564860000
564870000
564875000
564893000
564896960
564897000
564902000
564910000
564913000
564933000
564936000
564943000
564957000
564959000
564966000
564983000
564995000
565007000
565018000
565029000
565043000
565048000
565134000
565135000
565136000
565152000
565153000
565155000
565222000
565232000
565250000
565259000
565285000
565344000
565360000
565391000
565414000
565428000
565431000
565451000
565475000
565476000
565503000
565504000
565508000
565559000
565570000
565599000
565600000
565639000
565661000
565662000
565671000
565714000
565715000
565716000
565717000
565743154
565747000
565761000
565765000
565775000
565789000
565801000
565807000
565819000
565824000
565835000
565861000
565877000
565895000
565933000
565934000
565947000
565979000
565983000
566025000
566035000
566039000
566044000
566046000
566060000
566083000
566085000
566086000
566087000
566088000
566090000
566095000
566097000
566098000
566098193
566149000
566157000
566184000
566220000
566238000
566243000
566267000
566288000
566300000
566312000
566327000
566334000
566341000
566349000
566375000
566389000
566409000
566410000
566433000
566441000
566454000
566479000
566482000
566483000
566485000
566514000
566554000
566572000
566593000
566613000
566614000
566645000
566651000
566658000
566663000
566690000
566699000
566700000
566704000
566705000
566715000
566735000
566739000
566747000
566748000
566762000
566776000
566794000
566825000
566826000
566833000
566847000
566848000
566853000
566873000
566879000
566902000
566904000
566922000
566932000
566950000
566951000
566952000
566953000
566956000
566959000
566960000
566961000
566974000
566987000
566995000
566997000
566998000
566999000
567019000
567311000
567461000
572943210
576081000
576091000
576229000
576327000
576411000
577149000
577260000
577267000
577278000
577297000
577364000
578000500
589934972
601079600
610001002
632623539
635835906
635967496
636008621
636009174
636009381
636009672
636010677
636010697
636010789
636010915
636011258
636011280
636011627
636011643
636011657
636011979
636011980
636012069
636012163
636012164
636012196
636012275
636012425
636012480
636012507
636012522
636012762
636012766
636012767
636012801
636012808
636012871
636012884
636013054
636013117
636013157
636013219
636013235
636013333
636013350
636013351
636013373
636013383
636013456
636013457
636013521
636013522
636013575
636013578
636013614
636013615
636013624
636013649
636013689
636013692
636013693
636013694
636013695
636013697
636013698
636013699
636013701
636013815
636013816
636013821
636013969
636014083
636014085
636014086
636014088
636014091
636014121
636014243
636014302
636014308
636014318
636014336
636014337
636014357
636014384
636014410
636014425
636014465
636014472
636014478
636014497
636014501
636014557
636014558
636014573
636014608
636014611
636014615
636014622
636014639
636014676
636014706
636014743
636014792
636014796
636014798
636014804
636014805
636014807
636014809
636014869
636014894
636014956
636014957
636014968
636014972
636014990
636014994
636014996
636014997
636014999
636015005
636015019
636015020
636015032
636015050
636015051
636015052
636015110
636015124
636015164
636015173
636015174
636015175
636015176
636015177
636015178
636015182
636015183
636015198
636015228
636015251
636015349
636015352
636015359
636015361
636015370
636015371
636015494
636015496
636015499
636015506
636015522
636015534
636015604
636015627
636015657
636015659
636015660
636015672
636015675
636015709
636015717
636015743
636015744
636015749
636015762
636015771
636015819
636015834
636015849
636015871
636015874
636015902
636015912
636015928
636015930
636015949
636015992
636015993
636015994
636016005
636016038
636016096
636016106
636016109
636016127
636016139
636016168
636016169
636016200
636016202
636016204
636016206
636016214
636016242
636016248
636016262
636016265
636016305
636016317
636016326
636016407
636016420
636016423
636016424
636016434
636016436
636016437
636016445
636016457
636016464
636016476
636016489
636016497
636016589
636016646
636016647
636016648
636016678
636016679
636016693
636016695
636016696
636016703
636016708
636016731
636016819
636016964
636016969
636016971
636016986
636016997
636016999
636017060
636017062
636017065
636017066
636017082
636017100
636017103
636017109
636017153
636017154
636017155
636017176
636017252
636017294
636017329
636017486
636017488
636017526
636017552
636017553
636017559
636017581
636017592
636017730
636017731
636017767
636017795
636017796
636017856
636017857
636017858
636017987
636017995
636018128
636018138
636018168
636026321
636028490
636090292
636090534
636090618
636090678
636090764
636090886
636090915
636090950
636090966
636090972
636090991
636090992
636091007
636091016
636091024
636091078
636091079
636091082
636091083
636091088
636091100
636091102
636091107
636091109
636091131
636091188
636091196
636091202
636091220
636091221
636091225
636091231
636091237
636091250
636091270
636091305
636091307
636091349
636091380
636091382
636091383
636091394
636091402
636091403
636091434
636091449
636091452
636091470
636091473
636091485
636091506
636091510
636091595
636091626
636091632
636091665
636091690
636091708
636091717
636091742
636091799
636091800
636091802
636091803
636091805
636091811
636091832
636091857
636091894
636091895
636091910
636091912
636091984
636091999
636092013
636092020
636092021
636092037
636092079
636092124
636092147
636092168
636092187
636092192
636092210
636092211
636092217
636092263
636092268
636092271
636092312
636092315
636092366
636092391
636092399
636092400
636092409
636092413
636092430
636092432
636092433
636092443
636092472
636092473
636092474
636092484
636092485
636092488
636092489
636092528
636092552
636092560
636092563
636092587
636092627
636092696
636276850
636484323
636544195
642122009
642122014
642122024
645387000
655845776
664444000
665211296
677081100
677777777
705843158
710000111
725001589
725019340
725742882
730010001
732421625
735057548
739396662
769826640
769920694
777777777
784595600
784595630
794823223
803191446
816910272
854921406
865865865
867530900
873400635
874335603
874848344
874941633
875026508
878787878
888888888
898759426
902915080
903565108
903619002
903743328
903806156
904012172
904170158
904236236
904535430
920523924
921540065
934023888
937160706
940723892
941001229
941001965
941005190
941005364
941005376
941200802
941201614
941201646
941201674
941202507
941202787
941203127
941203214
941203289
941203857
941203928
941203938
942312982
942316566
961243091
970010187
970010269
970010565
970010603
970010645
970010980
970011039
970011050
970011061
970011253
970011254
970011510
970011515
970011544
970011545
970011546
970011649
970012083
970012085
970012448
970012532
970012784
970012936
970012981
970012987
970013190
970013793
970014677
970014707
970014729
970014948
970110650
970110719
970110990
970111077
970111220
970111839
970112036
970112039
970112042
970112065
970112384
970112762
970113158
970113245
970113557
970113904
970114615
970115664
970115719
970116132
970116577
970116847
970120971
970210931
970210947
972120939
972122020
972122050
972122052
972122116
972122248
972122263
972122310
972123750
972123767
972123770
972124377
972124448
972124648
972124710
972124731
972124735
972124768
972124888
972124916
972125558
972126026
972126154
972126172
972126183
972126380
972126414
972126682
972126771
972127902
972221369
972221721
972222150
972222165
972420359
972571279
972600437
972600479
972600889
972602469
972603188
972603628
972604578
972604584
972604586
972604587
972604600
972604932
972605112
972605308
972605461
972605652
972606506
972607196
972607288
972608764
972608808
972609333
972690575
972692287
972693683
972698143
972971204
972971231
982320025
982320066
982320092
982320094
982320096
982441286
982443700
982443701
982443702
982443703
982464427
982466481
982466482
982466484
982466485
982466486
982470018
982490480
982490481
982490482
982490483
983094841
983094842
983099331
983099332
983103271
983103272
983103611
983103612
983103613
983103614
983103615
983103616
983103617
983103618
983103841
983103842
983105002
983105314
983105315
983105316
983105317
983105318
983105672
983105673
983105674
983105675
983105676
983105678
983191033
983191034
983191070
983192002
983192016
983192023
983192024
983198681
983198682
983542771
983542772
987084501
993856443
999999997
999999999
1049676368
