701
100132
1193046
7845956
8451236
8784523
8945610
8945612
8945621
9521653
25505960
29887076
31499930
32129458
32704708
33821234
36124927
36751860
36759190
36766590
36968098
50825038
50825073
101010101
111111111
117396110
122292919
123430471
123456788
123456789
128411876
130948642
133016122
169641104
181895272
199154580
200000001
200000002
200904744
203721811
203862994
203900944
205548000
205700000
205710000
205717000
206594874
207829990
207829991
209251000
209456000
209890000
210104000
210161000
210242000
210638000
210857000
210979000
211262460
211262480
211262630
211311970
211327410
211331640
211335760
211367460
211465320
211629690
211693000
212151000
212347000
212348000
212350000
212351000
212353000
212659110
212714000
212871000
212968000
215190000
215571000
215572000
215654000
218284000
218820000
218821000
218826000
218829000
218844000
218846000
219027000
219031000
219033000
219155000
219289000
219594000
219602000
219617000
220129000
220164000
220187000
220199000
220206000
220245000
220379000
220397000
220413000
220414000
220415000
220416000
220560000
220561000
220565000
220580000
220593000
220594000
220596000
220597000
220598000
220638000
222222222
224288430
226333000
227129060
227205840
227260920
227405170
227504120
227695640
228079700
228313800
228337900
228338600
228339600
228348900
228353600
228354600
228763000
229006000
229081000
229208000
229213000
229218000
229258000
229316000
229446000
229469000
229529000
229534000
229565000
229603000
229641000
229666000
229710000
229711000
229726000
229728000
229820930
229934000
229947000
229969000
229988000
229989000
232004359
232006508
232006511
232006727
232007891
232010128
232011692
232012087
232445000
232448000
232487556
232605822
232763990
232807602
232916182
233209335
233542562
233549132
235009240
235009400
235009420
235009850
235010450
235010710
235011050
235012080
235018555
235031631
235037018
235040169
235058391
235058697
235060303
235061904
235066555
235067192
235068051
235068085
235070185
235070619
235070707
235072174
235072407
235074967
235075024
235075311
235076172
235076283
235076681
235076895
235077448
235078078
235080187
235080906
235080999
235081957
235082776
235082896
235084298
235086166
235090767
235091397
235093327
235093619
235094713
235095936
235096793
235099968
235100828
235101557
235102465
235102466
235104788
235108538
235108582
235109337
235110509
235111726
235113472
235114239
235335000
235414000
235479000
235554000
235603000
235733000
235752604
235849000
236000990
236607000
236689000
238005000
238009000
238293000
238301000
239876000
240031000
240048000
240056000
240061000
240067000
240127000
240272000
240444000
240556000
240592000
240680000
240681000
240824000
240825000
240837000
240878000
240991000
241079000
241080000
241251000
241277000
241281000
241311000
241312000
241313000
241315000
241445000
241459000
241465000
241490000
241528000
244010061
244010083
244010089
244010104
244010140
244010145
244010179
244010205
244128000
244370000
244790607
244958000
244958007
244999000
245033000
245206000
245417000
246167000
246428000
246442000
246496000
246506000
246519000
246648000
246660000
247009600
247218600
247256080
247293200
247301100
247313300
247324400
248166000
248225000
248264000
248265000
248349000
248376000
248390000
249029000
249048000
249159000
249169000
249338000
249347000
249349000
249458000
249621000
249687000
249690000
249726000
249757000
249758000
249783000
249819000
249888000
249904000
249909000
249976000
249980000
249982000
255803880
255805590
255805613
255805668
255805669
255805688
255805750
255805864
255805888
255805889
255805913
255805914
255805929
255805930
255805943
255805944
255805960
255806039
256081000
256213000
256216000
256266000
256300000
256396000
256598000
256603000
256687000
256757000
256808000
256871000
256886000
256906000
256930000
256940000
257005000
257142000
257565000
257613000
257671570
257672000
257686000
257758000
257833000
257842000
257844000
258007000
258008000
258011000
258023000
258028000
258131240
258444000
258749000
258954000
259095000
259266000
259725000
259805000
259833000
259895000
259951000
259953000
259976000
262006000
265491000
265525820
265549870
265617860
266210000
266259000
266261000
266282000
266283000
266338000
269023000
269038000
269075000
269095000
269101630
269110210
269970276
273341570
275172557
275189164
282875940
284911920
287785708
287883663
289558260
302232424
303031000
303190000
303205000
303210000
303233000
303270000
303272000
303273000
303294000
303350200
303422000
303584000
303656000
303668000
303849000
303852000
303865000
303865936
303866000
303935000
303935003
303935004
303935005
303935006
303935008
303961121
303981000
304127000
304798000
304869000
305034000
305160000
305347000
305351000
305369120
305533000
305669000
305740000
305755000
305757000
305774000
305854000
305859000
305885000
306216000
306970007
308007000
308090000
308124000
308126000
308275000
308322000
308369000
308371000
308457000
308599000
308653000
308664000
308717000
308839792
308921000
309038000
309042000
309046000
309075000
309168000
309286000
309368000
309369000
309401000
309416000
309483970
309484000
309509000
309653000
309656000
309891000
309901000
309905000
309933000
309955000
310327000
310361000
310376000
310381952
310384000
310409000
310427000
310459000
310459010
310504000
310531000
310556000
310556020
310567000
310620000
310624000
310654000
310764000
310765000
310768000
310852220
311000000
311000011
311000012
311000013
311000014
311000092
311000104
311000106
311000111
311000112
311000114
311000138
311000187
311000193
311000235
311000321
311000333
311000335
311000408
311000410
311000414
311000415
311000416
311000421
311000436
311000438
311000451
311000465
311000466
311000467
311001200
311002600
311002800
311002900
311003300
311003400
311003900
311007997
311009200
311013600
311015200
311017100
311018700
311024800
311027100
311027300
311035400
311035500
311036700
311037700
311040600
311040700
311040800
311045300
311048300
311050600
311051900
311052700
311054300
311054400
311056800
311056900
311057300
311062200
311062400
311066300
311075300
311082000
311109000
311110855
311125000
311213000
311256000
311288000
311536000
311538000
311578000
311579000
311622000
311695000
311696000
311707000
311708000
311732000
311813000
311821000
311827000
311918000
311919000
311921000
311943000
311992000
312390994
312391000
312733000
314095000
314199000
316002721
316002732
316003600
316004280
316005190
316007273
316007504
316008643
316010143
316011819
316012260
316013875
316014331
316014403
316014774
316015863
316016582
316018088
316018105
316018501
316018626
316020006
316020615
316021292
316021354
316021453
316021737
316022155
316024728
316027072
316027212
316028733
316030353
316030828
316031029
316031505
316032033
316033139
316033318
316033336
316034686
316035033
316035438
316035678
316035797
316113000
316147000
316148000
316169000
316195000
316259000
319009500
319013600
319014600
319015800
319018500
319018800
319025900
319026400
319027100
319031900
319032000
319032016
319035500
319037600
319038000
319047600
319056900
319058000
319063100
319063600
319067300
319067400
319073300
319073600
319076500
319079300
319079316
319082700
319086500
319091100
319094300
319095580
319095800
319098000
319099500
319100700
319102700
319103800
319107100
319112500
319113700
319115500
319116900
319122900
319149000
319160000
319264000
319266000
319266003
319310000
319326992
319327000
319363000
319382000
319392000
319421000
319459000
319469000
319479000
319492000
319570000
319630000
319707000
319738000
319740000
319808000
319808017
319819000
319824000
319868000
319875000
319904000
319929000
332333421
333333333
333421842
333480528
333490128
335924336
336045000
336858267
336953740
336989267
337659998
337703461
337841266
337972306
338002098
338003172
338004801
338004831
338004941
338010925
338011102
338011315
338020156
338020915
338021189
338022000
338024000
338025924
338029149
338029743
338031982
338032837
338032845
338034287
338034336
338035036
338037827
338037842
338037843
338038904
338040561
338041439
338043017
338043343
338045551
338046034
338046482
338048151
338048248
338049016
338049055
338050201
338050903
338050966
338052646
338053023
338053214
338053313
338053571
338053583
338053854
338054125
338054154
338054167
338054199
338054481
338056811
338057904
338058135
338058215
338058759
338060204
338065595
338065698
338066882
338067617
338067800
338068455
338068521
338068929
338069632
338069654
338069896
338069913
338070255
338070397
338070511
338070512
338070513
338070514
338070515
338070516
338071811
338072075
338072195
338072819
338073267
338073697
338075000
338075091
338075821
338076155
338076187
338076326
338076478
338076841
338077017
338077467
338077538
338078421
338078447
338078811
338080722
338080883
338083011
338083867
338084175
338084318
338084479
338086000
338086338
338086642
338086725
338086845
338086858
338087117
338087136
338088498
338088774
338088939
338089000
338089466
338089659
338089943
338090147
338090732
338090777
338091016
338091416
338091974
338091989
338092107
338092145
338092991
338093245
338093353
338093719
338093761
338093777
338093819
338093828
338094482
338094651
338094686
338094919
338094925
338094988
338095126
338095145
338095182
338095309
338095499
338095728
338095972
338096132
338096140
338096249
338096421
338096489
338096529
338096778
338096813
338097064
338097138
338097159
338097257
338097391
338097775
338097805
338097832
338097886
338098031
338098115
338098132
338098468
338098628
338098732
338098735
338098884
338098902
338098994
338098995
338099003
338099718
338099763
338099951
338100018
338100365
338100393
338101312
338101333
338101544
338101578
338101907
338102076
338102124
338102704
338103263
338103307
338103617
338103694
338103720
338103724
338103997
338104093
338104149
338104306
338104527
338104657
338104997
338105058
338105061
338105185
338105353
338105464
338105566
338106071
338106627
338106647
338106978
338107098
338107161
338107334
338107461
338107506
338107804
338107818
338107857
338108106
338108122
338108138
338108228
338108231
338108295
338108409
338108493
338108504
338108542
338108662
338108761
338108778
338108787
338108908
338109025
338109244
338109287
338109425
338109632
338109823
338109824
338109838
338110214
338112796
338113796
338115062
338115071
338115139
338115483
338115545
338115724
338116176
338116397
338116665
338116865
338116961
338116991
338117356
338117512
338117675
338117698
338118417
338118674
338118971
338119117
338119294
338120363
338120508
338120815
338121724
338122002
338122322
338122738
338122792
338122826
338122861
338123673
338123935
338123953
338124698
338124712
338124714
338124777
338124966
338124968
338124969
338125218
338125246
338125374
338125642
338125699
338125869
338125955
338126043
338126204
338126336
338126671
338126674
338126875
338126978
338127042
338127493
338127501
338127904
338127967
338127975
338128152
338128163
338128251
338128365
338128371
338128375
338128408
338128418
338128447
338128511
338129072
338129654
338130192
338130225
338130665
338130683
338130934
338130964
338131069
338131199
338131454
338131747
338131923
338132203
338132251
338132316
338132401
338132963
338133137
338133319
338133381
338133834
338133865
338133985
338134000
338134242
338134347
338135092
338135208
338135413
338135429
338135574
338136515
338137262
338137302
338137334
338137371
338137901
338138147
338138398
338138494
338138515
338138714
338138748
338138764
338138854
338138932
338139212
338139339
338139534
338139535
338139556
338139649
338139693
338139723
338139898
338139936
338139953
338140192
338140283
338140284
338140285
338140286
338140807
338141047
338141545
338141859
338141971
338142000
338142024
338142178
338142404
338142409
338142675
338142701
338142954
338143169
338143352
338143435
338143515
338143818
338143881
338144392
338144485
338144568
338144582
338144592
338145002
338145135
338145156
338145184
338145354
338145389
338145403
338145465
338145512
338145626
338145658
338145681
338145686
338145691
338145693
338145694
338145695
338145697
338145698
338145832
338145861
338146033
338146083
338146144
338146483
338146506
338146516
338146598
338146643
338146692
338146700
338146937
338147126
338147129
338147272
338147601
338147666
338147674
338148023
338148515
338148641
338148851
338148873
338148945
338148961
338149154
338149303
338149432
338149537
338149541
338149902
338149971
338150932
338150975
338151077
338151388
338151958
338153502
338153576
338153627
338154382
338154885
338155403
338155515
338155717
338156073
338156184
338156291
338156318
338156363
338156579
338156658
338156747
338157367
338157437
338157903
338157923
338158376
338158547
338158859
338158948
338159105
338159338
338159691
338159769
338159804
338159814
338160088
338160203
338160457
338160675
338160718
338160768
338160984
338161246
338161281
338161544
338161555
338162023
338162198
338162238
338162367
338162381
338162384
338162425
338162651
338162664
338162797
338162845
338162850
338162855
338162896
338162903
338162976
338163047
338163081
338163091
338163155
338163348
338163441
338163552
338163783
338163785
338163893
338163967
338164033
338164148
338164188
338164194
338164514
338164602
338164653
338164721
338164851
338165048
338165163
338165413
338165469
338165628
338165722
338165851
338165899
338165928
338165955
338166043
338166104
338166285
338166596
338166663
338166704
338166766
338166955
338167202
338167294
338167513
338167544
338167874
338167927
338167955
338167981
338168156
338168287
338168311
338168649
338168665
338168897
338168899
338168948
338168974
338169044
338169188
338169311
338169328
338169339
338169574
338169652
338170185
338170261
338170298
338170338
338170547
338170717
338171283
338171328
338171659
338171946
338171966
338172029
338172203
338172526
338173296
338173305
338173554
338173793
338174275
338174439
338174777
338174911
338175257
338175272
338175289
338176058
338176324
338176899
338177041
338177138
338177158
338177481
338177871
338177978
338178248
338178257
338178896
338178967
338179097
338179205
338179266
338179321
338179477
338179758
338179782
338179799
338179859
338180096
338180705
338180966
338181008
338181021
338181041
338181104
338181167
338181176
338181288
338181316
338181327
338181329
338181491
338181504
338181518
338181707
338181757
338181865
338181878
338181984
338182025
338182028
338182078
338182221
338182463
338182518
338182576
338182598
338182709
338182754
338182932
338183066
338183439
338183558
338183584
338183699
338183882
338184024
338184111
338184311
338184342
338184343
338184366
338184371
338184427
338184854
338184922
338184937
338184947
338185323
338185627
338185918
338186069
338186088
338186393
338187549
338187752
338187794
338187796
338187875
338187917
338188436
338188519
338189243
338189257
338190196
338190245
338190251
338190325
338190774
338190787
338191647
338191651
338191689
338191839
338192262
338192263
338192277
338192287
338192559
338192587
338192803
338192922
338193332
338193373
338193481
338193507
338193646
338193811
338193969
338194074
338194495
338194845
338194954
338195898
338195984
338196588
338196891
338197303
338197468
338198711
338198976
338199099
338199216
338199554
338200813
338200916
338201364
338201527
338201733
338201916
338202178
338202262
338202329
338202488
338202638
338203172
338203732
338203883
338204008
338204052
338204124
338204288
338204331
338204396
338204542
338204619
338204678
338204924
338204948
338205009
338205369
338205433
338205505
338205557
338205579
338205686
338205777
338205843
338205861
338206036
338206182
338206199
338206309
338206329
338206368
338206407
338206512
338206547
338206625
338206665
338206764
338206804
338207787
338207912
338208033
338208076
338208108
338208173
338208221
338208224
338208242
338208362
338208412
338208423
338208542
338208559
338208628
338208638
338208696
338208708
338208759
338208769
338208803
338208853
338208917
338208967
338209232
338209376
338209579
338209606
338209767
338210113
338210164
338210285
338210348
338210432
338210443
338210467
338210474
338210796
338210805
338210835
338210888
338210909
338211072
338211152
338211226
338211394
338211576
338212033
338212055
338212339
338212583
338212678
338212739
338212807
338212878
338213027
338213694
338213723
338213838
338214051
338214052
338214054
338214059
338214073
338214091
338214493
338214659
338214661
338214697
338214736
338214804
338215066
338215173
338215214
338215311
338215647
338215875
338216025
338216049
338216593
338216763
338216917
338217105
338217212
338217319
338217354
338217587
338217641
338217739
338217942
338218142
338218153
338218167
338218222
338218237
338218424
338218521
338218587
338218615
338218673
338218833
338218958
338218963
338219073
338219101
338219271
338219272
338219386
338219524
338219566
338219613
338219682
338219948
338221000
338221954
338223371
338225128
338225273
338225389
338225409
338225719
338225733
338225922
338225947
338225957
338225977
338226153
338226227
338226427
338226453
338226684
338226699
338226725
338226823
338226825
338226873
338227109
338227155
338227165
338227246
338227266
338227269
338227318
338227613
338227624
338227809
338227879
338227949
338228058
338228071
338228077
338228246
338228367
338228393
338228516
338228692
338228696
338228704
338228755
338228849
338229164
338229175
338229211
338229292
338229302
338229535
338229581
338229606
338229735
338229905
338230062
338231624
338232392
338232506
338232681
338232742
338233848
338233981
338234268
338234305
338234306
338234307
338234386
338234443
338234677
338236002
338236091
338236389
338236599
338236609
338236738
338236748
338236806
338236807
338236808
338236809
338237143
338237182
338237293
338237573
338237708
338237742
338237772
338238205
338238542
338238576
338239112
338239291
338239419
338239538
338239586
338239864
338240239
338240343
338240395
338240553
338240893
338241094
338241335
338241384
338241434
338241458
338241463
338241471
338241559
338241769
338241992
338242137
338242249
338242254
338242689
338242811
338243026
338243205
338243216
338243461
338243534
338243535
338243809
338243888
338244013
338244164
338244215
338244363
338244486
338246000
338252113
338252148
338252664
338252678
338252838
338252856
338253446
338253517
338254204
338254365
338254678
338254766
338299000
338300061
338300364
338300436
338300738
338300959
338301045
338301112
338301307
338301392
338301536
338301705
338301774
338301925
338301961
338301978
338302389
338302463
338302496
338302515
338302566
338302588
338302698
338303055
338303186
338303304
338303474
338303519
338303586
338303696
338303738
338304256
338304369
338304528
338317000
338358000
338371000
338417000
338423000
338454000
338500000
338502000
338545000
338581000
338598585
338616000
338657000
338680000
338680034
338731000
338776000
338795000
338805000
338824000
338824277
338850000
338860000
338899000
338921000
338926422
338926776
338926777
338926780
338951000
338955000
338977000
339301000
339318000
339331000
339388000
339406000
339559000
339559002
339646000
339669000
339803000
341632000
341637000
341774000
342116689
343961455
345000000
345010072
345020031
345026011
345026012
345026013
345030051
345030060
345030108
345030109
345066014
345080033
345140007
345186001
345200002
345200021
345881298
345881312
345881322
345903102
345903112
345903307
345904104
345905589
345905797
345905889
348705073
349468000
351004000
351026000
351034000
351075000
351124000
351126000
351135000
351137000
351173000
351187000
351206000
351223000
351257000
351340000
351361000
351456000
351554000
351678000
351690000
351733000
351757000
351780000
351828000
351831000
351848000
351991000
352023000
352044000
352135000
352142000
352158000
352196000
352375000
352380000
352452610
352467000
352548000
352608000
352620000
352631000
352684000
352725000
352732000
352740000
352740632
352776000
352798000
352801000
352804000
352808000
352814000
352843000
352879000
352955000
352960000
352967000
352981000
353025000
353039000
353086000
353093000
353100000
353108000
353155000
353156000
353162000
353183000
353185000
353210000
353274000
353288000
353295000
353332000
353368000
353408000
353421000
353428000
353495000
353514000
353525000
353544000
353562432
353690000
353691000
353698000
353722000
353729000
353778000
353788000
353814000
353862000
353910000
353961000
353968000
353987000
353992000
354070000
354084000
354101000
354120000
354157000
354202000
354203000
354212000
354227000
354248000
354252000
354264000
354277000
354297000
354314000
354342000
354362000
354373000
354415928
354421000
354433000
354487000
354520000
354532000
354591000
354614000
354619000
354628000
354662000
354662006
354668000
354706000
354762000
354795000
354839000
354886000
354891000
354918000
354942000
354949000
354988000
355029000
355139000
355142468
355148000
355170000
355177378
355196000
355234000
355260000
355284000
355286000
355297000
355321000
355322000
355364000
355368000
355395000
355432000
355456000
355488000
355518000
355530000
355557000
355558000
355592000
355649000
355705000
355717000
355745000
355754000
355768000
355820000
355828000
355856000
355869000
355981000
355999000
356005000
356022000
356073000
356075000
356087000
356124000
356159000
356190000
356192000
356219000
356222000
356285000
356345000
356347000
356352000
356537000
356548000
356571000
356577000
356580000
356581000
356586000
356601000
356651000
356688000
356696000
356768000
356788000
356798000
356829000
356872000
356875000
356909000
356957000
357051000
357076000
357092000
357104000
357147000
357175000
357324000
357336000
357347000
357353000
357478000
357628000
357636000
357682000
357694000
357736000
357742000
357777000
357795000
357874000
357887000
357900000
357926000
357961000
357977000
357983000
359090194
360000000
362308689
362560834
363332060
364926320
364972654
365039844
365276872
365531206
365598572
365903144
365985414
366021001
366053000
366081959
366102000
366203000
366245070
366328490
366341000
366365000
366375000
366384000
366396000
366413616
366447000
366503000
366503032
366508000
366546420
366547000
366554000
366562000
366563000
366576000
366593274
366608000
366629000
366637150
366638360
366652000
366675760
366678000
366684720
366685950
366686078
366692000
366726650
366735860
366740660
366746210
366749490
366749640
366750620
366750980
366751770
366754310
366755010
366755018
366755020
366757740
366758000
366760649
366760650
366760651
366760710
366762020
366764726
366764730
366765690
366768030
366770270
366773480
366775370
366779580
366781830
366785290
366785520
366786230
366788326
366789370
366791000
366791180
366792000
366793760
366796646
366797250
366797290
366799000
366804620
366805460
366806940
366810570
366813530
366813560
366817510
366823550
366825380
366829140
366829990
366830140
366830720
366833080
366833560
366836850
366837830
366842490
366846440
366847790
366849310
366853960
366854996
366855060
366855940
366856116
366857070
366861130
366861220
366862218
366862220
366870020
366870730
366870746
366871020
366872778
366872980
366872983
366873510
366875820
366875850
366877880
366879450
366879930
366880670
366880970
366881780
366881788
366884590
366885268
366886630
366887010
366887570
366888390
366888784
366888800
366889830
366891470
366892110
366892120
366892140
366892150
366892160
366892170
366892180
366892350
366896410
366897980
366898250
366899260
366900170
366904000
366904210
366904250
366904470
366908460
366915310
366916250
366917590
366920330
366920480
366924710
366925210
366925650
366926730
366926740
366927930
366931310
366933360
366934770
366937060
366937480
366938510
366943540
366943940
366943960
366943970
366945000
366945360
366946540
366947140
366948190
366948820
366949020
366951730
366953660
366954000
366955000
366955620
366955790
366956000
366957630
366958230
366959000
366962000
366964020
366966590
366967000
366969950
366970120
366970152
366970530
366974570
366975770
366977270
366977380
366977850
366978690
366979360
366979370
366979960
366980490
366980840
366981780
366981910
366981940
366982270
366982330
366982340
366982372
366983530
366983830
366984000
366987070
366988960
366988970
366989380
366990380
366997520
366997560
366998840
366999600
366999610
366999637
366999650
366999652
366999655
366999661
366999688
366999704
366999709
366999711
366999730
366999810
366999840
367000160
367000165
367001740
367001741
367001830
367002510
367003000
367003010
367003042
367003380
367004260
367004269
367004270
367004930
367005060
367005927
367006280
367006770
367006790
367006820
367007558
367007830
367007870
367007880
367008010
367008020
367008509
367008510
367008720
367008820
367008990
367009390
367009934
367010000
367012460
367012470
367012810
367014480
367014962
367015130
367015450
367015530
367015620
367015810
367016810
367017440
367017448
367018220
367018470
367019310
367021380
367022090
367025330
367027000
367027320
367027570
367032120
367032610
367033480
367033986
367033989
367033990
367034006
367034320
367034960
367035570
367036830
367036960
367038000
367041160
367042420
367042740
367042742
367044250
367044560
367046140
367049470
367050320
367050490
367051790
367054010
367054633
367055470
367058903
367058953
367059270
367061580
367061590
367062240
367065430
367067110
367067790
367067810
367067910
367069240
367070510
367071420
367071960
367075440
367076360
367077090
367077710
367079712
367080890
367081520
367082140
367087370
367089760
367090960
367092520
367095040
367095048
367098480
367101530
367101930
367102740
367103760
367103820
367104030
367104040
367104050
367104060
367104070
367104080
367108530
367109510
367110020
367110260
367110810
367114810
367115180
367115520
367116840
367117160
367124304
367125000
367126220
367127440
367127449
367129766
367129810
367130150
367131070
367131310
367131320
367132830
367133160
367133910
367134000
367134240
367139040
367139910
367140430
367141030
367141110
367143140
367145180
367146710
367147610
367150450
367152937
367152940
367153070
367154150
367156870
367158550
367159270
367160250
367161170
367162130
367162440
367163340
367164780
367165320
367165520
367165970
367166830
367167690
367167740
367168570
367168690
367169120
367169560
367169590
367170920
367170930
367171764
367172460
367172530
367172910
367173860
367174970
367175170
367175530
367175856
367175860
367175863
367176244
367176990
367178390
367180720
367184090
367185130
367185880
367186270
367187420
367188740
367188828
367189840
367189890
367190020
367191170
367192940
367192970
367192986
367193030
367196000
367197000
367198110
367199000
367218000
367219000
367265000
367269000
367279000
367299000
367300280
367300281
367302530
367303760
367304990
367307010
367308610
367309970
367310950
367311210
367311590
367312440
367312460
367313290
367314190
367314820
367315630
367316540
367316860
367317160
367319730
367320570
367320870
367321320
367321470
367322470
367326010
367326240
367327550
367328510
367329210
367329330
367329550
367330940
367332060
367332320
367337510
367338120
367338850
367340760
367342840
367343160
367344280
367344710
367344740
367345050
367345120
367348080
367348670
367349430
367351190
367351340
367352750
367353070
367353080
367353110
367356240
367356790
367357920
367358790
367360430
367360890
367361840
367362110
367362830
367363390
367364590
367364622
367365820
367366210
367366670
367367370
367367880
367367896
367368180
367368280
367369720
367369721
367370228
367370230
367371350
367371520
367373650
367373960
367373970
367375550
367377450
367378380
367378390
367378410
367378420
367378430
367379040
367379120
367380450
367380940
367381010
367381060
367381750
367382490
367384340
367384840
367385920
367388410
367390670
367390830
367390940
367391830
367392090
367392390
367392650
367393270
367394470
367394750
367394780
367395280
367395330
367396330
367396336
367396640
367397250
367397440
367399570
367399740
367402860
367403110
367403610
367404670
367404740
367405260
367405970
367406170
367406620
367408680
367408710
367408930
367409000
367409360
367412510
367412770
367412850
367413430
367413730
367413840
367414180
367415880
367415886
367415896
367415912
367416790
367417780
367419250
367421350
367421980
367421990
367422040
367422640
367422790
367423390
367424072
367424230
367424810
367425020
367427060
367427340
367427670
367427840
367428880
367430020
367430340
367430660
367431230
367431320
367431860
367431880
367432010
367432580
367433840
367434980
367435520
367435730
367435980
367437680
367438000
367438520
367438760
367439240
367439850
367440530
367441108
367441140
367441720
367443340
367444340
367444620
367445650
367447112
367448470
367449820
367451190
367451560
367451720
367452248
367452280
367452560
367453620
367454040
367454060
367454560
367454760
367454970
367455160
367455530
367455580
367455770
367457000
367457870
367457920
367458730
367460670
367461920
367461940
367463160
367463170
367463260
367464150
367465210
367466020
367466056
367466170
367466310
367466736
367467060
367467080
367467120
367467480
367468040
367468470
367468890
367470460
367471080
367472050
367472710
367472720
367472750
367474160
367474540
367475210
367476350
367476540
367476990
367478310
367479126
367480310
367480960
367482760
367483850
367485000
367485680
367486370
367486740
367487710
367488290
367488370
367488450
367488482
367492920
367494710
367495080
367495180
367495510
367496370
367498160
367498530
367498610
367499330
367499390
367500510
367501490
367502820
367502840
367503970
367505960
367506190
367506730
367506920
367507630
367507960
367508060
367508140
367508810
367508990
367510010
367510180
367511260
367512370
367514690
367514740
367514780
367515810
367516290
367516720
367516880
367518210
367518370
367520160
367520510
367521970
367523490
367523820
367525120
367525390
367526120
367526890
367527250
367529240
367529320
367529450
367529840
367529940
367530940
367531160
367532260
367532340
367533290
367533910
367534910
367535750
367535950
367536490
367536560
367537010
367537480
367537560
367537630
367538550
367538710
367540430
367541470
367542610
367543000
367543980
367545060
367545230
367546050
367546250
367546320
367547310
367547980
367548450
367549080
367549120
367550710
367552610
367553140
367553460
367554450
367555580
367556520
367557310
367558840
367559470
367559940
367562350
367562880
367562920
367563270
367563450
367563590
367563920
367564050
367564140
367565250
367565270
367565420
367565560
367565750
367566750
367567017
367567020
367567410
367568350
367568660
367568850
367568920
367569824
367569830
367569970
367569990
367570320
367570590
367571170
367571490
367573720
367574410
367574860
367575750
367576030
367576110
367576240
367578550
367578740
367578980
367580810
367580930
367581410
367583000
367583210
367583390
367584290
367584926
367585320
367585330
367585570
367586220
367586560
367586620
367586740
367587480
367587620
367587660
367587740
367588190
367588420
367589030
367590180
367590330
367591570
367591890
367591930
367592790
367593050
367593450
367593530
367594150
367595210
367595690
367596770
367597460
367597620
367597890
367598210
367598950
367599140
367599190
367599910
367599940
367599960
367600260
367600830
367601490
367601598
367601680
367602090
367602170
367603280
367603370
367603380
367603940
367604030
367604060
367604310
367604370
367604980
367605180
367606330
367606790
367607340
367607530
367607540
367607590
367607810
367607860
367607920
367608970
367609390
367609840
367610580
367610890
367611650
367612060
367612820
367613320
367613390
367613510
367613730
367614470
367614920
367614970
367615210
367615590
367615660
367616090
367616190
367616390
367616530
367616930
367617630
367617870
367619530
367619820
367619860
367619950
367620450
367621040
367621070
367621160
367622390
367622510
367622530
367622630
367622830
367623980
367624120
367624420
367624550
367624990
367625310
367625790
367625810
367626680
367626734
367626970
367627130
367627850
367628420
367629440
367629456
367629457
367630220
367631360
367632210
367632310
367632370
367632820
367632960
367632980
367632990
367633140
367633420
367633730
367634210
367634480
367634740
367635340
367635350
367636480
367637930
367638060
367639740
367639790
367639830
367640240
367640460
367640780
367641230
367641740
367641760
367641850
367642040
367642570
367642960
367642968
367643410
367643540
367643920
367644720
367645020
367646260
367646262
367646340
367646460
367646520
367646810
367646990
367647190
367647270
367647490
367647680
367647850
367647910
367648130
367648260
367648550
367648650
367650150
367650310
367650326
367650760
367650990
367651520
367652040
367652590
367652650
367652730
367652930
367652960
367652990
367653670
367654170
367654630
367655460
367656250
367656290
367657060
367657140
367657220
367657270
367657530
367658740
367659210
367659240
367659820
367660280
367660690
367661090
367661450
367661930
367662240
367662360
367662380
367663080
367663880
367663970
367664390
367664680
367664990
367665160
367665270
367666020
367666030
367666540
367666970
367667540
367667630
367667640
367667860
367668370
367669230
367669626
367670740
367670940
367671020
367671230
367671670
367672090
367672140
367672172
367672630
367672760
367673050
367673090
367675360
367675440
367675940
367676340
367676540
367676990
367677170
367677530
367677806
367677810
367677870
367678270
367678358
367678360
367678390
367678850
367679080
367680950
367681560
367681720
367681780
367682340
367683230
367683380
367683460
367683730
367683830
367685180
367685220
367685240
367685310
367685780
367685910
367686370
367686876
367687630
367688000
367688090
367688130
367688380
367688640
367688780
367689860
367689940
367690060
367691110
367691450
367691630
367691660
367691680
367692510
367692620
367693360
367693630
367693690
367693960
367694610
367695090
367695547
367695640
367695770
367696860
367697310
367697580
367698060
367698750
367698760
367698890
367698922
367698940
367699530
367699790
367699820
367700910
367701080
367701140
367701860
367702770
367702780
367702980
367703140
367703180
367703260
367703840
367703956
367704000
367704150
367704789
367705050
367705430
367705440
367705530
367705620
367706250
367706910
367707530
367707820
367708120
367708350
367708620
367708730
367709320
367709530
367709560
367710220
367710340
367710810
367710980
367711090
367711190
367711670
367711690
367712050
367712380
367713390
367714120
367714180
367714440
367715510
367716040
367716530
367716810
367718010
367718380
367718920
367719640
367720030
367721190
367721260
367721460
367721740
367722050
367724740
367724772
367725340
367725380
367725390
367725396
367725540
367726390
367727180
367727960
367728350
367728490
367728630
367728830
367729880
367730310
367730880
367731930
367732440
367732480
367732590
367733090
367733480
367733760
367733880
367733910
367734050
367734220
367734240
367734980
367735564
367736940
367737680
367737730
367737750
367738110
367738330
367739150
367739740
367740010
367740030
367740750
367740790
367740870
367742790
367742810
367743080
367743230
367743510
367745520
367746020
367747370
367748660
367749130
367749230
367749950
367750410
367751360
367751540
367751760
367752020
367752180
367752940
367753560
367753860
367753876
367754570
367754620
367754810
367754950
367755430
367755630
367755870
367756250
367756440
367756920
367757478
367757570
367757630
367757740
367758870
367759170
367759550
367759580
367759810
367759830
367760198
367760260
367760290
367760910
367761230
367761250
367761360
367761760
367761970
367762010
367762860
367763030
367763560
367763620
367763630
367763920
367764150
367764320
367764770
367765170
367765580
367765860
367766120
367766470
367766670
367766860
367767270
367767350
367768350
367768480
367768790
367769230
367769340
367769680
367769740
367770020
367770240
367770580
367770910
367770980
367770990
367771010
367771240
367771290
367771580
367772620
367772780
367772890
367772980
367773160
367774010
367774820
367774880
367775270
367776050
367776470
367776690
367776750
367776790
367777520
367777590
367777620
367777630
367777640
367778000
367778930
367779220
367779970
367780040
367780120
367780360
367780460
367781670
367783570
367784310
367785220
367785510
367785590
367785770
367785860
367786210
367786750
367787740
367787820
367788130
367788262
367788340
367788850
367789430
367789850
367790640
367790860
367791640
367792070
367792630
367792640
367793170
367793430
367793670
367793970
367795110
367795540
367795790
367796420
367796430
367796460
367796470
367796510
367796960
367797670
367798360
367798530
367798540
367798960
367799060
367799180
367799350
367799570
367799710
367799880
367800100
367803586
367816000
367831000
367840000
367851000
367867000
367884000
367909000
367977000
367978000
367999350
367999970
368000001
368000760
368000890
368001460
368001510
368001530
368001540
368001740
368002020
368002090
368002720
368002980
368003000
368003150
368003170
368003550
368003570
368003740
368004410
368004630
368004780
368004870
368005970
368006040
368006050
368006130
368006150
368006740
368007630
368008160
368008770
368009120
368009330
368009520
368009610
368009770
368010030
368010110
368010120
368010280
368010560
368012070
368012240
368012330
368012810
368013040
368014440
368014960
368015490
368015770
368026000
368074000
368127000
368163582
368253512
368305000
368346000
368347000
368359526
368359566
368370000
368378000
368400000
368437000
368445000
368453000
368461000
368470000
368473000
368478000
368596000
368680000
368684000
368685000
368686000
368700000
368709000
368717000
368724696
368728000
368771000
368779000
368784000
368785000
368798000
368836000
368849000
368850000
368882000
368897000
368912000
368916000
368926007
368926014
368926053
368926087
368926095
368926133
368926134
368926135
368926257
368926266
368948000
368959000
369000311
369040000
369067336
369070986
369077000
369077016
369140000
369142000
369169000
369197000
369225000
369228000
369247000
369272000
369296000
369463000
369468000
369493506
369493507
369493508
369493510
369493511
369493643
369493695
369494140
369494151
369494164
369494169
369494171
369494180
369494208
369494284
369494287
369494288
369527000
369540000
369566000
369567000
369580000
369713000
369725000
369867000
369939000
369968715
369970056
369970119
369970147
369970165
369970179
369970192
369970212
369970213
369970221
369970266
369970270
369970276
369970277
369970278
369970279
369970280
369970281
369970282
369970283
369970284
369970304
369970332
369970333
369970408
369970567
369970573
369970637
369970638
369970670
369970671
369970672
369970678
369970679
369970689
369970692
369970693
369970739
369970744
369970745
369970746
369970747
369970754
369970762
369970763
369970764
369970777
369970786
369970787
369970838
369970885
369970910
369970955
369970970
369970982
369970999
369982564
369989000
370130000
370150000
370153000
370157000
370188000
370261000
370289000
370299000
370361000
370407000
370413000
370458000
370475000
370508000
370587000
370617000
370661000
370681000
370697000
370738000
370777000
370840000
370852000
370879000
370885000
370959000
371060000
371062000
371073000
371104000
371129000
371140000
371153000
371185000
371209000
371274000
371281000
371349000
371377000
371384000
371410000
371426000
371437000
371449000
371499000
371544000
371553000
371559000
371563000
371572000
371592000
371618000
371641000
371648000
371697000
371706000
371707000
371752000
371777000
371823000
371841000
371862000
371932000
371964000
371965000
371979000
371982361
371987000
371997000
372007000
372025000
372038000
372052000
372056000
372076000
372083000
372101000
372104000
372140000
372148000
372192000
372204000
372221000
372241000
372251000
372260000
372283000
372296000
372319000
372340000
372341000
372345000
372348000
372367000
372371000
372445000
372516000
372548000
372557000
372561000
372608000
372610000
372665000
372688000
372712000
372724000
372727000
372729000
372747000
372805000
372829000
372865000
372894000
372901000
372905000
372919000
372945000
372955000
373005000
373025000
373051000
373091000
373107000
373108000
373228000
373310000
373355000
373457000
373470000
373500000
373540000
373599000
373744000
373781000
373810000
373885000
373949000
374006000
374038000
374077000
374100000
374125000
374128000
374171000
374196000
374221000
374241000
374267000
374288000
374335000
374353000
374400000
374512000
374517000
374547000
374590000
374628000
374700000
374710000
374799000
374809000
374883000
375003000
375009000
376162280
376404000
376494000
376522000
376553000
376829000
376895000
377092000
377108000
377151000
377587513
378001272
378111612
378111827
378111833
378111953
378112839
378308417
378451236
378451237
378729045
379863452
379867527
379867543
379878209
379970281
380059437
380209927
380762342
382933000
383778956
384511096
384740262
388126795
388161873
389970281
391920844
399970281
399989190
412567765
413013000
413053000
413089000
413119000
413165000
413167000
413171000
413173000
413790184
416465000
416466000
416467000
416475000
416481000
416490000
416491000
416497000
416509000
419001244
419099500
419746000
425893507
431000933
431006879
431008382
431127000
431165000
431174000
431178000
431190000
431205000
431221000
431223000
431265000
431296000
431312000
431315000
431332000
431496000
431554000
431999529
431999535
432433000
432440000
432624000
432651000
432664000
432666000
432669000
432716000
432722000
432729000
432783000
432803000
432810000
432817000
432824000
432876000
432976000
440062000
440086000
440160000
440202000
441722000
441947000
441992000
444105965
448705073
469186610
469970281
477001300
477007300
477014500
477014600
477014700
477014800
477020100
477020400
477023400
477023600
477027500
477046800
477048000
477056400
477056402
477058200
477058400
477065200
477066700
477067800
477067900
477071300
477071800
477076500
477100300
477102200
477105400
477107200
477108100
477108200
477110300
477110400
477110700
477117400
477117900
477127900
477133500
477133700
477133800
477135600
477136800
477136900
477137800
477141500
477141600
477143900
477148300
477163800
477167200
477173600
477178300
477181100
477181200
477182400
477185100
477185800
477185900
477189300
477192900
477195800
477195900
477196700
477198000
477207400
477213500
477220400
477222600
477229100
477242800
477250500
477252600
477257100
477257900
477271300
477271600
477276600
477280800
477282400
477293900
477300500
477305400
477314100
477315000
477316000
477346500
477347100
477351100
477379000
477398000
477399300
477399500
477427500
477434800
477440700
477441100
477441800
477444500
477454900
477462400
477462500
477473000
477477400
477477800
477478500
477478600
477478700
477518600
477519400
477519900
477520900
477542400
477547300
477547309
477592800
477593900
477607700
477633300
477636500
477637600
477639900
477652700
477655200
477655800
477655900
477669400
477669500
477680100
477685200
477690600
477692200
477692900
477698700
477700124
477728800
477733300
477738500
477738600
477742600
477746600
477764100
477764600
477786500
477789000
477795300
477813200
477826400
477829700
477830800
477831600
477848700
477852800
477854200
477854500
477866200
477883200
477883900
477904300
477905000
477913200
477914600
477926800
477947100
477948600
477950300
477959200
477961600
477973000
477973002
477981000
477982600
477990200
477999900
503012230
503029520
503326700
503641900
503767400
512006219
512172000
518100063
518107000
518745000
533110031
533913000
533955000
533992000
534776550
538001400
538001582
538001656
538001657
538001663
538001664
538002013
538002087
538002089
538002127
538002269
538002271
538002274
538002275
538002276
538002277
538002278
538002279
538002281
538002285
538002295
538002570
538002621
538002622
538002663
538002668
538002775
538002864
538002946
538002947
538002980
538002992
538003015
538003032
538003046
538003238
538003490
538003549
538003576
538003578
538003648
538003673
538003688
538003692
538003729
538003810
538003817
538003831
538003858
538003886
538003898
538003929
538003937
538003947
538003974
538003981
538003993
538004002
538004006
538004007
538004017
538004028
538004029
538004031
538004034
538004071
538004086
538004096
538004105
538004117
538004127
538004167
538004168
538004169
538004171
538004172
538004202
538004203
538004214
538004255
538004267
538004310
538004313
538004316
538004318
538004319
538004332
538004341
538004375
538004376
538004378
538004423
538004441
538004480
538004493
538004494
538004535
538004536
538004539
538004601
538004619
538004632
538004634
538004651
538004669
538004682
538004689
538004694
538004697
538004709
538004732
538004833
538004913
538004942
538004967
538004968
538005018
538005020
538005033
538005068
538005089
538005113
538005118
538005145
538005152
538005163
538005171
538005174
538005189
538005225
538005238
538005245
538005249
538005256
538005300
538005303
538005319
538005320
538005321
538005322
538005365
538005407
538005415
538005418
538005419
538005423
538005443
538005452
538005479
538005487
538005562
538005598
538005608
538005692
538005708
538005725
538005726
538005771
538005772
538005778
538005779
538005780
538005782
538005794
538005837
538005865
538005866
538005873
538005902
538005911
538005956
538005979
538005982
538005988
538005992
538006006
538006010
538006065
538006102
538006157
538006167
538006177
538006196
538006200
538006227
538006237
538006289
538006297
538006302
538006307
538006308
538006311
538006319
538006373
538006375
538006395
538006456
538006462
538006486
538006488
538006489
538006490
538006494
538006502
538006504
538006505
538006506
538006507
538006535
538006542
538006545
538006546
538006593
538006597
538006644
538006702
538006708
538006712
538006720
538006745
538006763
538006773
538006810
538006819
538006820
538006842
538006844
538006867
538006886
538006890
538006896
538006946
538006947
538006958
538007001
538007022
538007093
538007106
538007115
538007126
538007127
538007153
538007259
538007269
538007277
538007278
538007362
538007392
538007442
538007511
538007512
538007560
538007571
538007586
538007675
538014196
538070070
538070427
538070463
538070502
538070504
538070539
538070563
538070638
538070642
538070708
538070754
538070788
538070818
538070840
538070861
538070885
538070886
538070907
538070946
538070979
538071037
538071065
538071076
538071201
538090091
538090151
538090175
538090208
538090209
538090231
538090232
538090308
538090316
538090363
538090382
538090383
538397534
538790751
540011200
548907000
548916000
548928000
548949000
548950000
548951000
548952000
558546171
559042308
563000400
563000500
563000600
563000700
563004900
563008600
563016500
563019200
563019800
563020300
563028400
563029700
563033000
563033800
563034800
563036200
563061000
563077000
563079000
563105000
563108000
563111000
563170000
563186000
563220000
563234000
563247000
563251000
563262000
563317000
563324000
563329000
563358000
563367000
563411000
563417000
563450000
563610000
563626000
563637000
563758000
563876000
563896000
563982000
563991000
564015000
564081000
564086000
564126000
564151000
564217000
564254000
564268000
564362000
564384000
564397000
564431000
564438000
564452000
564491000
564614000
564648000
564708000
564753000
564860000
564870000
564875000
564902000
564910000
564913000
565007000
565029000
565043000
565048000
565135000
565136000
565153000
565344000
565391000
565431000
565476000
565503000
565570000
565600000
565661000
565671000
565807000
565819000
565824000
565835000
565861000
565877000
565933000
565934000
565947000
566035000
566044000
566046000
566060000
566085000
566086000
566087000
566088000
566090000
566095000
566157000
566300000
566341000
566349000
566433000
566441000
566454000
566479000
566572000
566613000
566614000
566645000
566651000
566658000
566690000
566704000
566735000
566762000
566825000
566826000
566833000
566848000
566879000
566950000
566951000
566952000
566953000
566956000
566959000
566960000
566961000
566997000
566999000
567461000
572943210
576081000
576229000
576327000
576411000
577149000
577364000
589934972
601079600
610001002
632623539
635967496
636010677
636010789
636011280
636011657
636011979
636011980
636012163
636012275
636012480
636012507
636012762
636012766
636012767
636012801
636013350
636013351
636013383
636013521
636013522
636013575
636013578
636013614
636013615
636013692
636013693
636013694
636013695
636013697
636013698
636013699
636013969
636014302
636014308
636014318
636014337
636014472
636014557
636014558
636014676
636014798
636014804
636014805
636014807
636014957
636014968
636014972
636014996
636014997
636015019
636015032
636015050
636015051
636015052
636015173
636015174
636015175
636015176
636015177
636015178
636015182
636015183
636015228
636015359
636015361
636015370
636015496
636015499
636015506
636015522
636015657
636015659
636015660
636015743
636015744
636015762
636015819
636015849
636015874
636015902
636015949
636015992
636015994
636016096
636016200
636016204
636016206
636016242
636016262
636016420
636016445
636016646
636016647
636016648
636016679
636016695
636016696
636016819
636016964
636016969
636016971
636016999
636017060
636017062
636017065
636017082
636017103
636017109
636017153
636017154
636017155
636017176
636017252
636017294
636017329
636017486
636017488
636017552
636017553
636017559
636017730
636017731
636017767
636017795
636017796
636017856
636017857
636017858
636017987
636017995
636018128
636018138
636018168
636028490
636090950
636090966
636091016
636091024
636091078
636091079
636091082
636091083
636091188
636091196
636091202
636091220
636091221
636091250
636091307
636091349
636091380
636091434
636091449
636091485
636091506
636091595
636091626
636091690
636091800
636091803
636091805
636091811
636091832
636091895
636091912
636091984
636092020
636092021
636092079
636092413
636092443
636092488
636092489
636092528
636092552
636092563
636092627
636092696
642122009
642122014
642122024
645387000
655845776
677777777
710000111
725001589
725019340
725742882
730010001
735057548
739396662
769826640
777777777
784595630
803191446
854921406
865865865
878787878
898759426
903619002
903743328
904012172
904535430
921540065
937160706
941001965
941005364
941005376
941200802
941201614
941201646
941201674
941202507
941202787
941203127
941203214
941203289
941203857
941203928
941203938
961243091
970010603
970011039
970011050
970011254
970011544
970011545
970011649
970012532
970012936
970013190
970013793
970014677
970014707
970014729
970014948
970112384
970113158
970113245
970113557
970114615
970115664
970115719
970116132
970116847
972122263
972123750
972123767
972126026
972126414
972221721
972222150
972222165
972571279
972600437
972600479
972600889
972603188
972603628
972604578
972604584
972604586
972604587
972604600
972605112
972605461
972606506
972608764
972608808
972609333
972690575
972693683
972698143
972971204
972971231
982320066
982320092
982320094
982320096
982464427
982466481
982466482
982466484
982466485
982466486
982490480
982490481
982490482
982490483
983094841
983094842
983099331
983099332
983103271
983103611
983103612
983103614
983103615
983103616
983103617
983103618
983105314
983105315
983105316
983105317
983105318
983105673
983105674
983105675
983105676
983105678
983191070
983192016
983192023
983192024
983198681
983198682
983542772
993856443
999999999
